# INSTRUMENTATION: summarised from a smoke run; no figure here is a result

## codec: median [min, max] over all rounds and launches
   key                                                          cpu ns/iter                wall ns/iter               per-round ratio to the baseline (cpu)
   core-ffi/P1.1/ascii/decode/drop                              2838 [2838, 2838]          2836 [2836, 2836]          2.133 [2.133, 2.133]
   core-ffi/P1.1/ascii/decode/retain                            2866 [2866, 2866]          2865 [2865, 2865]          2.154 [2.154, 2.154]
   core-ffi/P1.1/ascii/decode+read/drop                         1.155e+04 [1.155e+04, 1.155e+04] 1.154e+04 [1.154e+04, 1.154e+04] 0.6589 [0.6589, 0.6589]
   core-ffi/P1.1/ascii/decode+read/retain                       1.214e+04 [1.214e+04, 1.214e+04] 1.214e+04 [1.214e+04, 1.214e+04] 0.6926 [0.6926, 0.6926]
   core-ffi/P1.1/ascii/encode/drop                              1005 [1005, 1005]          1109 [1109, 1109]          1.13 [1.13, 1.13]
   core-ffi/P1.1/ascii/encode/retain                            1155 [1155, 1155]          1309 [1309, 1309]          1.299 [1.299, 1.299]
   core-ffi/P1.2/ascii/decode/drop                              6.455e+05 [6.455e+05, 6.455e+05] 6.456e+05 [6.456e+05, 6.456e+05] 2.763 [2.763, 2.763]
   core-ffi/P1.2/ascii/decode/retain                            6.963e+05 [6.963e+05, 6.963e+05] 6.961e+05 [6.961e+05, 6.961e+05] 2.981 [2.981, 2.981]
   core-ffi/P1.2/ascii/decode+read/drop                         2.845e+06 [2.845e+06, 2.845e+06] 2.844e+06 [2.844e+06, 2.844e+06] 0.7271 [0.7271, 0.7271]
   core-ffi/P1.2/ascii/decode+read/retain                       2.966e+06 [2.966e+06, 2.966e+06] 2.965e+06 [2.965e+06, 2.965e+06] 0.758 [0.758, 0.758]
   core-ffi/P1.2/ascii/encode/drop                              1.93e+05 [1.93e+05, 1.93e+05] 2.057e+05 [2.057e+05, 2.057e+05] 0.9223 [0.9223, 0.9223]
   core-ffi/P1.2/ascii/encode/retain                            1.985e+05 [1.985e+05, 1.985e+05] 1.984e+05 [1.984e+05, 1.984e+05] 0.9486 [0.9486, 0.9486]
   core-ffi/P1.3/ascii/decode/drop                              5.36e+04 [5.36e+04, 5.36e+04] 5.601e+04 [5.601e+04, 5.601e+04] 10.2 [10.2, 10.2]
   core-ffi/P1.3/ascii/decode/retain                            5.522e+04 [5.522e+04, 5.522e+04] 6.374e+04 [6.374e+04, 6.374e+04] 10.51 [10.51, 10.51]
   core-ffi/P1.3/ascii/decode+read/drop                         6.692e+05 [6.692e+05, 6.692e+05] 7.655e+05 [7.655e+05, 7.655e+05] 0.9969 [0.9969, 0.9969]
   core-ffi/P1.3/ascii/decode+read/retain                       8.184e+05 [8.184e+05, 8.184e+05] 8.376e+05 [8.376e+05, 8.376e+05] 1.219 [1.219, 1.219]
   core-ffi/P1.3/ascii/encode/drop                              1.063e+04 [1.063e+04, 1.063e+04] 1.222e+04 [1.222e+04, 1.222e+04] 1.186 [1.186, 1.186]
   core-ffi/P1.3/ascii/encode/retain                            1.181e+04 [1.181e+04, 1.181e+04] 1.181e+04 [1.181e+04, 1.181e+04] 1.319 [1.319, 1.319]
   core-ffi/P2.1/ascii/decode/drop                              4613 [4613, 4613]          4610 [4610, 4610]          2.833 [2.833, 2.833]
   core-ffi/P2.1/ascii/decode/retain                            4727 [4727, 4727]          4726 [4726, 4726]          2.904 [2.904, 2.904]
   core-ffi/P2.1/ascii/decode+read/drop                         1.569e+04 [1.569e+04, 1.569e+04] 1.568e+04 [1.568e+04, 1.568e+04] 0.6286 [0.6286, 0.6286]
   core-ffi/P2.1/ascii/decode+read/retain                       1.584e+04 [1.584e+04, 1.584e+04] 1.583e+04 [1.583e+04, 1.583e+04] 0.6346 [0.6346, 0.6346]
   core-ffi/P2.1/ascii/encode/drop                              1653 [1653, 1653]          1653 [1653, 1653]          1.569 [1.569, 1.569]
   core-ffi/P2.1/ascii/encode/retain                            1733 [1733, 1733]          1733 [1733, 1733]          1.645 [1.645, 1.645]
   core-ffi/P2.2/ascii/decode/drop                              3.016e+06 [3.016e+06, 3.016e+06] 3.014e+06 [3.014e+06, 3.014e+06] 4.098 [4.098, 4.098]
   core-ffi/P2.2/ascii/decode/retain                            3.045e+06 [3.045e+06, 3.045e+06] 3.045e+06 [3.045e+06, 3.045e+06] 4.137 [4.137, 4.137]
   core-ffi/P2.2/ascii/decode+read/drop                         7.945e+06 [7.945e+06, 7.945e+06] 8e+06 [8e+06, 8e+06]       0.6646 [0.6646, 0.6646]
   core-ffi/P2.2/ascii/decode+read/retain                       8.811e+06 [8.811e+06, 8.811e+06] 8.922e+06 [8.922e+06, 8.922e+06] 0.737 [0.737, 0.737]
   core-ffi/P2.2/ascii/encode/drop                              9.226e+05 [9.226e+05, 9.226e+05] 1.048e+06 [1.048e+06, 1.048e+06] 1.438 [1.438, 1.438]
   core-ffi/P2.2/ascii/encode/retain                            9.141e+05 [9.141e+05, 9.141e+05] 9.143e+05 [9.143e+05, 9.143e+05] 1.425 [1.425, 1.425]
   core-ffi/P2.3/ascii/decode/drop                              1.617e+06 [1.617e+06, 1.617e+06] 1.617e+06 [1.617e+06, 1.617e+06] 3.514 [3.514, 3.514]
   core-ffi/P2.3/ascii/decode/retain                            1.567e+06 [1.567e+06, 1.567e+06] 1.567e+06 [1.567e+06, 1.567e+06] 3.405 [3.405, 3.405]
   core-ffi/P2.3/ascii/decode+read/drop                         3.29e+06 [3.29e+06, 3.29e+06] 3.288e+06 [3.288e+06, 3.288e+06] 0.7471 [0.7471, 0.7471]
   core-ffi/P2.3/ascii/decode+read/retain                       3.431e+06 [3.431e+06, 3.431e+06] 3.43e+06 [3.43e+06, 3.43e+06] 0.7791 [0.7791, 0.7791]
   core-ffi/P2.3/ascii/encode/drop                              5.781e+05 [5.781e+05, 5.781e+05] 5.78e+05 [5.78e+05, 5.78e+05] 2.045 [2.045, 2.045]
   core-ffi/P2.3/ascii/encode/retain                            5.55e+05 [5.55e+05, 5.55e+05] 5.549e+05 [5.549e+05, 5.549e+05] 1.963 [1.963, 1.963]
   core-ffi/P2.4/ascii/decode/drop                              2.017e+06 [2.017e+06, 2.017e+06] 2.016e+06 [2.016e+06, 2.016e+06] 3.537 [3.537, 3.537]
   core-ffi/P2.4/ascii/decode/retain                            2.025e+06 [2.025e+06, 2.025e+06] 2.025e+06 [2.025e+06, 2.025e+06] 3.551 [3.551, 3.551]
   core-ffi/P2.4/ascii/decode+read/drop                         3.552e+06 [3.552e+06, 3.552e+06] 3.552e+06 [3.552e+06, 3.552e+06] 0.7865 [0.7865, 0.7865]
   core-ffi/P2.4/ascii/decode+read/retain                       3.88e+06 [3.88e+06, 3.88e+06] 9.008e+06 [9.008e+06, 9.008e+06] 0.8591 [0.8591, 0.8591]
   core-ffi/P2.4/ascii/encode/drop                              7.868e+05 [7.868e+05, 7.868e+05] 7.909e+05 [7.909e+05, 7.909e+05] 2.677 [2.677, 2.677]
   core-ffi/P2.4/ascii/encode/retain                            8.041e+05 [8.041e+05, 8.041e+05] 8.042e+05 [8.042e+05, 8.042e+05] 2.736 [2.736, 2.736]
   core-ffi/P2.4/latin1/decode/drop                             5.252e+06 [5.252e+06, 5.252e+06] 5.252e+06 [5.252e+06, 5.252e+06] 3.93 [3.93, 3.93]
   core-ffi/P2.4/latin1/decode/retain                           5.291e+06 [5.291e+06, 5.291e+06] 5.291e+06 [5.291e+06, 5.291e+06] 3.959 [3.959, 3.959]
   core-ffi/P2.4/latin1/decode+read/drop                        7.134e+06 [7.134e+06, 7.134e+06] 7.134e+06 [7.134e+06, 7.134e+06] 0.9029 [0.9029, 0.9029]
   core-ffi/P2.4/latin1/decode+read/retain                      6.733e+06 [6.733e+06, 6.733e+06] 6.732e+06 [6.732e+06, 6.732e+06] 0.8522 [0.8522, 0.8522]
   core-ffi/P2.4/latin1/encode/drop                             2.125e+06 [2.125e+06, 2.125e+06] 2.125e+06 [2.125e+06, 2.125e+06] 3.739 [3.739, 3.739]
   core-ffi/P2.4/latin1/encode/retain                           2.216e+06 [2.216e+06, 2.216e+06] 2.247e+06 [2.247e+06, 2.247e+06] 3.898 [3.898, 3.898]
   core-ffi/P2.4/wide/decode/drop                               7.328e+06 [7.328e+06, 7.328e+06] 7.593e+06 [7.593e+06, 7.593e+06] 2.601 [2.601, 2.601]
   core-ffi/P2.4/wide/decode/retain                             7.533e+06 [7.533e+06, 7.533e+06] 7.546e+06 [7.546e+06, 7.546e+06] 2.674 [2.674, 2.674]
   core-ffi/P2.4/wide/decode+read/drop                          8.935e+06 [8.935e+06, 8.935e+06] 8.936e+06 [8.936e+06, 8.936e+06] 0.9599 [0.9599, 0.9599]
   core-ffi/P2.4/wide/decode+read/retain                        9.394e+06 [9.394e+06, 9.394e+06] 9.548e+06 [9.548e+06, 9.548e+06] 1.009 [1.009, 1.009]
   core-ffi/P2.4/wide/encode/drop                               4.224e+06 [4.224e+06, 4.224e+06] 4.224e+06 [4.224e+06, 4.224e+06] 5.006 [5.006, 5.006]
   core-ffi/P2.4/wide/encode/retain                             4.086e+06 [4.086e+06, 4.086e+06] 4.086e+06 [4.086e+06, 4.086e+06] 4.843 [4.843, 4.843]
   core-ffi/P2.5/ascii/decode/drop                              7.605e+04 [7.605e+04, 7.605e+04] 7.602e+04 [7.602e+04, 7.602e+04] 3.419 [3.419, 3.419]
   core-ffi/P2.5/ascii/decode/retain                            7.561e+04 [7.561e+04, 7.561e+04] 7.557e+04 [7.557e+04, 7.557e+04] 3.4 [3.4, 3.4]
   core-ffi/P2.5/ascii/decode+read/drop                         2.657e+05 [2.657e+05, 2.657e+05] 2.655e+05 [2.655e+05, 2.655e+05] 0.6632 [0.6632, 0.6632]
   core-ffi/P2.5/ascii/decode+read/retain                       2.484e+05 [2.484e+05, 2.484e+05] 2.484e+05 [2.484e+05, 2.484e+05] 0.6201 [0.6201, 0.6201]
   core-ffi/P2.5/ascii/encode/drop                              2.697e+04 [2.697e+04, 2.697e+04] 2.695e+04 [2.695e+04, 2.695e+04] 1.642 [1.642, 1.642]
   core-ffi/P2.5/ascii/encode/retain                            2.737e+04 [2.737e+04, 2.737e+04] 2.736e+04 [2.736e+04, 2.736e+04] 1.666 [1.666, 1.666]
   core-ffi/P3.1/ascii/decode/drop                              5.7e+04 [5.7e+04, 5.7e+04] 5.698e+04 [5.698e+04, 5.698e+04] 3.404 [3.404, 3.404]
   core-ffi/P3.1/ascii/decode/retain                            5.998e+04 [5.998e+04, 5.998e+04] 5.997e+04 [5.997e+04, 5.997e+04] 3.582 [3.582, 3.582]
   core-ffi/P3.1/ascii/decode+read/drop                         2.193e+05 [2.193e+05, 2.193e+05] 2.193e+05 [2.193e+05, 2.193e+05] 0.4451 [0.4451, 0.4451]
   core-ffi/P3.1/ascii/decode+read/retain                       2.143e+05 [2.143e+05, 2.143e+05] 2.233e+05 [2.233e+05, 2.233e+05] 0.4351 [0.4351, 0.4351]
   core-ffi/P3.1/ascii/encode/drop                              1.451e+04 [1.451e+04, 1.451e+04] 1.45e+04 [1.45e+04, 1.45e+04] 1.1 [1.1, 1.1]
   core-ffi/P3.1/ascii/encode/retain                            1.607e+04 [1.607e+04, 1.607e+04] 1.606e+04 [1.606e+04, 1.606e+04] 1.218 [1.218, 1.218]
   core-ffi/P4.1/ascii/decode/drop                              5.146e+05 [5.146e+05, 5.146e+05] 5.89e+05 [5.89e+05, 5.89e+05] 3.826 [3.826, 3.826]
   core-ffi/P4.1/ascii/decode/retain                            4.531e+05 [4.531e+05, 4.531e+05] 4.53e+05 [4.53e+05, 4.53e+05] 3.368 [3.368, 3.368]
   core-ffi/P4.1/ascii/decode+read/drop                         1.158e+06 [1.158e+06, 1.158e+06] 1.158e+06 [1.158e+06, 1.158e+06] 0.7937 [0.7937, 0.7937]
   core-ffi/P4.1/ascii/decode+read/retain                       1.189e+06 [1.189e+06, 1.189e+06] 1.189e+06 [1.189e+06, 1.189e+06] 0.8148 [0.8148, 0.8148]
   core-ffi/P4.1/ascii/encode/drop                              1.663e+05 [1.663e+05, 1.663e+05] 1.663e+05 [1.663e+05, 1.663e+05] 1.751 [1.751, 1.751]
   core-ffi/P4.1/ascii/encode/retain                            1.647e+05 [1.647e+05, 1.647e+05] 1.646e+05 [1.646e+05, 1.646e+05] 1.734 [1.734, 1.734]
   core-ffi/P5.1/ascii/decode/drop                              656.5 [656.5, 656.5]       724.4 [724.4, 724.4]       1.685 [1.685, 1.685]
   core-ffi/P5.1/ascii/decode/retain                            631.2 [631.2, 631.2]       630.9 [630.9, 630.9]       1.62 [1.62, 1.62]
   core-ffi/P5.1/ascii/decode+read/drop                         1525 [1525, 1525]          1547 [1547, 1547]          0.878 [0.878, 0.878]
   core-ffi/P5.1/ascii/decode+read/retain                       1587 [1587, 1587]          1587 [1587, 1587]          0.9138 [0.9138, 0.9138]
   core-ffi/P5.1/ascii/encode/drop                              236.6 [236.6, 236.6]       236.5 [236.5, 236.5]       1.538 [1.538, 1.538]
   core-ffi/P5.1/ascii/encode/retain                            313.2 [313.2, 313.2]       313 [313, 313]             2.036 [2.036, 2.036]
   core-ffi/P5.2/ascii/decode/drop                              2422 [2422, 2422]          2421 [2421, 2421]          1.146 [1.146, 1.146]
   core-ffi/P5.2/ascii/decode/retain                            2505 [2505, 2505]          2504 [2504, 2504]          1.185 [1.185, 1.185]
   core-ffi/P5.2/ascii/decode+read/drop                         3244 [3244, 3244]          3244 [3244, 3244]          0.5015 [0.5015, 0.5015]
   core-ffi/P5.2/ascii/decode+read/retain                       3329 [3329, 3329]          3328 [3328, 3328]          0.5146 [0.5146, 0.5146]
   core-ffi/P5.2/ascii/encode/drop                              3997 [3997, 3997]          3995 [3995, 3995]          1.033 [1.033, 1.033]
   core-ffi/P5.2/ascii/encode/retain                            3774 [3774, 3774]          3771 [3771, 3771]          0.9754 [0.9754, 0.9754]
   core-ffi/P5.3/ascii/decode/drop                              4.892e+04 [4.892e+04, 4.892e+04] 4.891e+04 [4.891e+04, 4.891e+04] 1.024 [1.024, 1.024]
   core-ffi/P5.3/ascii/decode/retain                            4.855e+04 [4.855e+04, 4.855e+04] 4.853e+04 [4.853e+04, 4.853e+04] 1.016 [1.016, 1.016]
   core-ffi/P5.3/ascii/decode+read/drop                         5.009e+04 [5.009e+04, 5.009e+04] 5.261e+04 [5.261e+04, 5.261e+04] 0.4047 [0.4047, 0.4047]
   core-ffi/P5.3/ascii/decode+read/retain                       4.86e+04 [4.86e+04, 4.86e+04] 4.95e+04 [4.95e+04, 4.95e+04] 0.3926 [0.3926, 0.3926]
   core-ffi/P5.3/ascii/encode/drop                              1.153e+05 [1.153e+05, 1.153e+05] 1.153e+05 [1.153e+05, 1.153e+05] 0.2114 [0.2114, 0.2114]
   core-ffi/P5.3/ascii/encode/retain                            1.326e+05 [1.326e+05, 1.326e+05] 1.326e+05 [1.326e+05, 1.326e+05] 0.2431 [0.2431, 0.2431]
   core-ffi/P5.4/ascii/decode/drop                              1.906e+06 [1.906e+06, 1.906e+06] 1.994e+06 [1.994e+06, 1.994e+06] 1.021 [1.021, 1.021]
   core-ffi/P5.4/ascii/decode/retain                            1.721e+06 [1.721e+06, 1.721e+06] 1.721e+06 [1.721e+06, 1.721e+06] 0.9219 [0.9219, 0.9219]
   core-ffi/P5.4/ascii/decode+read/drop                         1.849e+06 [1.849e+06, 1.849e+06] 1.849e+06 [1.849e+06, 1.849e+06] 0.5047 [0.5047, 0.5047]
   core-ffi/P5.4/ascii/decode+read/retain                       1.835e+06 [1.835e+06, 1.835e+06] 1.835e+06 [1.835e+06, 1.835e+06] 0.5007 [0.5007, 0.5007]
   core-ffi/P5.4/ascii/encode/drop                              2.14e+06 [2.14e+06, 2.14e+06] 2.14e+06 [2.14e+06, 2.14e+06] 0.551 [0.551, 0.551]
   core-ffi/P5.4/ascii/encode/retain                            2.204e+06 [2.204e+06, 2.204e+06] 2.205e+06 [2.205e+06, 2.205e+06] 0.5674 [0.5674, 0.5674]
   core-ffi/P6.1/ascii/decode/drop                              8.35e+05 [8.35e+05, 8.35e+05] 8.407e+05 [8.407e+05, 8.407e+05] 4.969 [4.969, 4.969]
   core-ffi/P6.1/ascii/decode/retain                            7.802e+05 [7.802e+05, 7.802e+05] 7.802e+05 [7.802e+05, 7.802e+05] 4.643 [4.643, 4.643]
   core-ffi/P6.1/ascii/decode+read/drop                         1.283e+06 [1.283e+06, 1.283e+06] 1.282e+06 [1.282e+06, 1.282e+06] 0.6553 [0.6553, 0.6553]
   core-ffi/P6.1/ascii/decode+read/retain                       1.354e+06 [1.354e+06, 1.354e+06] 1.353e+06 [1.353e+06, 1.353e+06] 0.6917 [0.6917, 0.6917]
   core-ffi/P6.1/ascii/encode/drop                              3.897e+05 [3.897e+05, 3.897e+05] 3.896e+05 [3.896e+05, 3.896e+05] 2.611 [2.611, 2.611]
   core-ffi/P6.1/ascii/encode/retain                            4.194e+05 [4.194e+05, 4.194e+05] 4.193e+05 [4.193e+05, 4.193e+05] 2.81 [2.81, 2.81]
   core-ffi/P7.1/ascii/decode/drop                              1381 [1381, 1381]          1381 [1381, 1381]          2.305 [2.305, 2.305]
   core-ffi/P7.1/ascii/decode/retain                            1426 [1426, 1426]          1427 [1427, 1427]          2.379 [2.379, 2.379]
   core-ffi/P7.1/ascii/decode+read/drop                         3779 [3779, 3779]          3778 [3778, 3778]          0.6384 [0.6384, 0.6384]
   core-ffi/P7.1/ascii/decode+read/retain                       3982 [3982, 3982]          3982 [3982, 3982]          0.6728 [0.6728, 0.6728]
   core-ffi/P7.1/ascii/encode/drop                              420.8 [420.8, 420.8]       420.6 [420.6, 420.6]       1.29 [1.29, 1.29]
   core-ffi/P7.1/ascii/encode/retain                            496.3 [496.3, 496.3]       496.1 [496.1, 496.1]       1.521 [1.521, 1.521]
   core-ffi/U-enum-value-999/ascii/decode/drop                  774.3 [774.3, 774.3]       774 [774, 774]             1.872 [1.872, 1.872]
   core-ffi/U-enum-value-999/ascii/decode/retain                801.1 [801.1, 801.1]       800.7 [800.7, 800.7]       1.937 [1.937, 1.937]
   core-ffi/U-enum-value-999/ascii/decode+read/drop             2800 [2800, 2800]          2799 [2799, 2799]          0.7385 [0.7385, 0.7385]
   core-ffi/U-enum-value-999/ascii/decode+read/retain           2776 [2776, 2776]          2774 [2774, 2774]          0.7321 [0.7321, 0.7321]
   core-ffi/U-enum-value-999/ascii/encode/drop                  308.5 [308.5, 308.5]       312 [312, 312]             1.636 [1.636, 1.636]
   core-ffi/U-enum-value-999/ascii/encode/retain                334.7 [334.7, 334.7]       341.4 [341.4, 341.4]       1.775 [1.775, 1.775]
   core-ffi/U-nested-all/ascii/decode/drop                      1205 [1205, 1205]          1204 [1204, 1204]          1.643 [1.643, 1.643]
   core-ffi/U-nested-all/ascii/decode/retain                    1328 [1328, 1328]          1327 [1327, 1327]          1.811 [1.811, 1.811]
   core-ffi/U-nested-all/ascii/decode+read/drop                 3973 [3973, 3973]          3969 [3969, 3969]          0.7519 [0.7519, 0.7519]
   core-ffi/U-nested-all/ascii/decode+read/retain               3643 [3643, 3643]          3640 [3640, 3640]          0.6894 [0.6894, 0.6894]
   core-ffi/U-nested-all/ascii/encode/drop                      423.8 [423.8, 423.8]       423.6 [423.6, 423.6]       1.016 [1.016, 1.016]
   core-ffi/U-nested-all/ascii/encode/retain                    486.2 [486.2, 486.2]       557 [557, 557]             1.166 [1.166, 1.166]
   core-ffi/U-oneof-all/ascii/decode/drop                       854 [854, 854]             853.7 [853.7, 853.7]       1.448 [1.448, 1.448]
   core-ffi/U-oneof-all/ascii/decode/retain                     1066 [1066, 1066]          1065 [1065, 1065]          1.807 [1.807, 1.807]
   core-ffi/U-oneof-all/ascii/decode+read/drop                  1678 [1678, 1678]          1677 [1677, 1677]          0.5167 [0.5167, 0.5167]
   core-ffi/U-oneof-all/ascii/decode+read/retain                2095 [2095, 2095]          2094 [2094, 2094]          0.6451 [0.6451, 0.6451]
   core-ffi/U-oneof-all/ascii/encode/drop                       314 [314, 314]             313.7 [313.7, 313.7]       1.642 [1.642, 1.642]
   core-ffi/U-oneof-all/ascii/encode/retain                     376 [376, 376]             398.7 [398.7, 398.7]       1.967 [1.967, 1.967]
   core-ffi/U-root-all/ascii/decode/drop                        1794 [1794, 1794]          1793 [1793, 1793]          1.584 [1.584, 1.584]
   core-ffi/U-root-all/ascii/decode/retain                      2122 [2122, 2122]          2120 [2120, 2120]          1.873 [1.873, 1.873]
   core-ffi/U-root-all/ascii/decode+read/drop                   7128 [7128, 7128]          7432 [7432, 7432]          0.7175 [0.7175, 0.7175]
   core-ffi/U-root-all/ascii/decode+read/retain                 7253 [7253, 7253]          7249 [7249, 7249]          0.7302 [0.7302, 0.7302]
   core-ffi/U-root-all/ascii/encode/drop                        608.6 [608.6, 608.6]       608.1 [608.1, 608.1]       1.106 [1.106, 1.106]
   core-ffi/U-root-all/ascii/encode/retain                      714.8 [714.8, 714.8]       714.5 [714.5, 714.5]       1.298 [1.298, 1.298]
   core-ffi-attr/P1.1/ascii/decode/drop                         5214 [5214, 5214]          5212 [5212, 5212]          3.92 [3.92, 3.92]
   core-ffi-attr/P1.1/ascii/decode+read/drop                    1.504e+04 [1.504e+04, 1.504e+04] 1.642e+04 [1.642e+04, 1.642e+04] 0.8584 [0.8584, 0.8584]
   core-ffi-attr/P1.1/ascii/encode/drop                         1848 [1848, 1848]          1847 [1847, 1847]          2.078 [2.078, 2.078]
   core-ffi-attr/P1.2/ascii/decode/drop                         1.381e+06 [1.381e+06, 1.381e+06] 1.38e+06 [1.38e+06, 1.38e+06] 5.911 [5.911, 5.911]
   core-ffi-attr/P1.2/ascii/decode+read/drop                    3.146e+06 [3.146e+06, 3.146e+06] 3.146e+06 [3.146e+06, 3.146e+06] 0.8041 [0.8041, 0.8041]
   core-ffi-attr/P1.2/ascii/encode/drop                         4.358e+05 [4.358e+05, 4.358e+05] 4.358e+05 [4.358e+05, 4.358e+05] 2.083 [2.083, 2.083]
   core-ffi-attr/P1.3/ascii/decode/drop                         1.169e+05 [1.169e+05, 1.169e+05] 1.169e+05 [1.169e+05, 1.169e+05] 22.24 [22.24, 22.24]
   core-ffi-attr/P1.3/ascii/decode+read/drop                    5.11e+05 [5.11e+05, 5.11e+05] 5.109e+05 [5.109e+05, 5.109e+05] 0.7611 [0.7611, 0.7611]
   core-ffi-attr/P1.3/ascii/encode/drop                         4.777e+04 [4.777e+04, 4.777e+04] 4.776e+04 [4.776e+04, 4.776e+04] 5.332 [5.332, 5.332]
   core-ffi-attr/P2.1/ascii/decode/drop                         7362 [7362, 7362]          7360 [7360, 7360]          4.522 [4.522, 4.522]
   core-ffi-attr/P2.1/ascii/decode+read/drop                    1.887e+04 [1.887e+04, 1.887e+04] 1.886e+04 [1.886e+04, 1.886e+04] 0.7561 [0.7561, 0.7561]
   core-ffi-attr/P2.1/ascii/encode/drop                         3024 [3024, 3024]          3023 [3023, 3023]          2.87 [2.87, 2.87]
   core-ffi-attr/P2.2/ascii/decode/drop                         4.956e+06 [4.956e+06, 4.956e+06] 4.956e+06 [4.956e+06, 4.956e+06] 6.733 [6.733, 6.733]
   core-ffi-attr/P2.2/ascii/decode+read/drop                    9.716e+06 [9.716e+06, 9.716e+06] 9.716e+06 [9.716e+06, 9.716e+06] 0.8127 [0.8127, 0.8127]
   core-ffi-attr/P2.2/ascii/encode/drop                         1.365e+06 [1.365e+06, 1.365e+06] 1.353e+06 [1.353e+06, 1.353e+06] 2.128 [2.128, 2.128]
   core-ffi-attr/P2.3/ascii/decode/drop                         2.02e+06 [2.02e+06, 2.02e+06] 2.021e+06 [2.021e+06, 2.021e+06] 4.392 [4.392, 4.392]
   core-ffi-attr/P2.3/ascii/decode+read/drop                    3.619e+06 [3.619e+06, 3.619e+06] 3.618e+06 [3.618e+06, 3.618e+06] 0.8218 [0.8218, 0.8218]
   core-ffi-attr/P2.3/ascii/encode/drop                         7.763e+05 [7.763e+05, 7.763e+05] 7.761e+05 [7.761e+05, 7.761e+05] 2.746 [2.746, 2.746]
   core-ffi-attr/P2.4/ascii/decode/drop                         2.212e+06 [2.212e+06, 2.212e+06] 2.212e+06 [2.212e+06, 2.212e+06] 3.878 [3.878, 3.878]
   core-ffi-attr/P2.4/ascii/decode+read/drop                    4.145e+06 [4.145e+06, 4.145e+06] 4.898e+06 [4.898e+06, 4.898e+06] 0.9176 [0.9176, 0.9176]
   core-ffi-attr/P2.4/ascii/encode/drop                         8.802e+05 [8.802e+05, 8.802e+05] 8.8e+05 [8.8e+05, 8.8e+05] 2.995 [2.995, 2.995]
   core-ffi-attr/P2.4/latin1/decode/drop                        5.962e+06 [5.962e+06, 5.962e+06] 5.961e+06 [5.961e+06, 5.961e+06] 4.461 [4.461, 4.461]
   core-ffi-attr/P2.4/latin1/decode+read/drop                   7.087e+06 [7.087e+06, 7.087e+06] 7.087e+06 [7.087e+06, 7.087e+06] 0.897 [0.897, 0.897]
   core-ffi-attr/P2.4/latin1/encode/drop                        2.203e+06 [2.203e+06, 2.203e+06] 2.203e+06 [2.203e+06, 2.203e+06] 3.876 [3.876, 3.876]
   core-ffi-attr/P2.4/wide/decode/drop                          7.196e+06 [7.196e+06, 7.196e+06] 7.195e+06 [7.195e+06, 7.195e+06] 2.554 [2.554, 2.554]
   core-ffi-attr/P2.4/wide/decode+read/drop                     9.448e+06 [9.448e+06, 9.448e+06] 9.448e+06 [9.448e+06, 9.448e+06] 1.015 [1.015, 1.015]
   core-ffi-attr/P2.4/wide/encode/drop                          4.132e+06 [4.132e+06, 4.132e+06] 4.132e+06 [4.132e+06, 4.132e+06] 4.897 [4.897, 4.897]
   core-ffi-attr/P2.5/ascii/decode/drop                         1.157e+05 [1.157e+05, 1.157e+05] 1.156e+05 [1.156e+05, 1.156e+05] 5.201 [5.201, 5.201]
   core-ffi-attr/P2.5/ascii/decode+read/drop                    2.979e+05 [2.979e+05, 2.979e+05] 2.977e+05 [2.977e+05, 2.977e+05] 0.7437 [0.7437, 0.7437]
   core-ffi-attr/P2.5/ascii/encode/drop                         4.055e+04 [4.055e+04, 4.055e+04] 4.07e+04 [4.07e+04, 4.07e+04] 2.468 [2.468, 2.468]
   core-ffi-attr/P3.1/ascii/decode/drop                         1.122e+05 [1.122e+05, 1.122e+05] 1.164e+05 [1.164e+05, 1.164e+05] 6.701 [6.701, 6.701]
   core-ffi-attr/P3.1/ascii/decode+read/drop                    2.742e+05 [2.742e+05, 2.742e+05] 2.741e+05 [2.741e+05, 2.741e+05] 0.5566 [0.5566, 0.5566]
   core-ffi-attr/P3.1/ascii/encode/drop                         3.546e+04 [3.546e+04, 3.546e+04] 3.544e+04 [3.544e+04, 3.544e+04] 2.688 [2.688, 2.688]
   core-ffi-attr/P4.1/ascii/decode/drop                         6.761e+05 [6.761e+05, 6.761e+05] 6.756e+05 [6.756e+05, 6.756e+05] 5.026 [5.026, 5.026]
   core-ffi-attr/P4.1/ascii/decode+read/drop                    1.297e+06 [1.297e+06, 1.297e+06] 1.297e+06 [1.297e+06, 1.297e+06] 0.8887 [0.8887, 0.8887]
   core-ffi-attr/P4.1/ascii/encode/drop                         2.174e+05 [2.174e+05, 2.174e+05] 2.174e+05 [2.174e+05, 2.174e+05] 2.29 [2.29, 2.29]
   core-ffi-attr/P5.1/ascii/decode/drop                         850.1 [850.1, 850.1]       849.6 [849.6, 849.6]       2.182 [2.182, 2.182]
   core-ffi-attr/P5.1/ascii/decode+read/drop                    1606 [1606, 1606]          1605 [1605, 1605]          0.9244 [0.9244, 0.9244]
   core-ffi-attr/P5.1/ascii/encode/drop                         338.5 [338.5, 338.5]       338.3 [338.3, 338.3]       2.2 [2.2, 2.2]
   core-ffi-attr/P5.2/ascii/decode/drop                         2561 [2561, 2561]          2559 [2559, 2559]          1.212 [1.212, 1.212]
   core-ffi-attr/P5.2/ascii/decode+read/drop                    3371 [3371, 3371]          3368 [3368, 3368]          0.521 [0.521, 0.521]
   core-ffi-attr/P5.2/ascii/encode/drop                         4086 [4086, 4086]          4085 [4085, 4085]          1.056 [1.056, 1.056]
   core-ffi-attr/P5.3/ascii/decode/drop                         4.65e+04 [4.65e+04, 4.65e+04] 4.689e+04 [4.689e+04, 4.689e+04] 0.9734 [0.9734, 0.9734]
   core-ffi-attr/P5.3/ascii/decode+read/drop                    4.619e+04 [4.619e+04, 4.619e+04] 4.62e+04 [4.62e+04, 4.62e+04] 0.3731 [0.3731, 0.3731]
   core-ffi-attr/P5.3/ascii/encode/drop                         1.086e+05 [1.086e+05, 1.086e+05] 1.085e+05 [1.085e+05, 1.085e+05] 0.199 [0.199, 0.199]
   core-ffi-attr/P5.4/ascii/decode/drop                         1.736e+06 [1.736e+06, 1.736e+06] 1.736e+06 [1.736e+06, 1.736e+06] 0.9296 [0.9296, 0.9296]
   core-ffi-attr/P5.4/ascii/decode+read/drop                    1.728e+06 [1.728e+06, 1.728e+06] 1.728e+06 [1.728e+06, 1.728e+06] 0.4716 [0.4716, 0.4716]
   core-ffi-attr/P5.4/ascii/encode/drop                         2.126e+06 [2.126e+06, 2.126e+06] 2.125e+06 [2.125e+06, 2.125e+06] 0.5471 [0.5471, 0.5471]
   core-ffi-attr/P6.1/ascii/decode/drop                         7.97e+05 [7.97e+05, 7.97e+05] 7.969e+05 [7.969e+05, 7.969e+05] 4.742 [4.742, 4.742]
   core-ffi-attr/P6.1/ascii/decode+read/drop                    1.233e+06 [1.233e+06, 1.233e+06] 1.233e+06 [1.233e+06, 1.233e+06] 0.6301 [0.6301, 0.6301]
   core-ffi-attr/P6.1/ascii/encode/drop                         3.882e+05 [3.882e+05, 3.882e+05] 3.881e+05 [3.881e+05, 3.881e+05] 2.601 [2.601, 2.601]
   core-ffi-attr/P7.1/ascii/decode/drop                         1995 [1995, 1995]          1993 [1993, 1993]          3.328 [3.328, 3.328]
   core-ffi-attr/P7.1/ascii/decode+read/drop                    4814 [4814, 4814]          4820 [4820, 4820]          0.8133 [0.8133, 0.8133]
   core-ffi-attr/P7.1/ascii/encode/drop                         612.9 [612.9, 612.9]       612.4 [612.4, 612.4]       1.879 [1.879, 1.879]
   host-gen/P1.1/ascii/decode/drop                              3.48e+04 [3.48e+04, 3.48e+04] 3.479e+04 [3.479e+04, 3.479e+04] 26.17 [26.17, 26.17]
   host-gen/P1.1/ascii/decode/retain                            3.533e+04 [3.533e+04, 3.533e+04] 3.532e+04 [3.532e+04, 3.532e+04] 26.56 [26.56, 26.56]
   host-gen/P1.1/ascii/decode+read/drop                         4.218e+04 [4.218e+04, 4.218e+04] 4.217e+04 [4.217e+04, 4.217e+04] 2.407 [2.407, 2.407]
   host-gen/P1.1/ascii/decode+read/retain                       4.474e+04 [4.474e+04, 4.474e+04] 4.473e+04 [4.473e+04, 4.473e+04] 2.553 [2.553, 2.553]
   host-gen/P1.1/ascii/encode/drop                              1.699e+04 [1.699e+04, 1.699e+04] 1.698e+04 [1.698e+04, 1.698e+04] 19.11 [19.11, 19.11]
   host-gen/P1.1/ascii/encode/retain                            1.761e+04 [1.761e+04, 1.761e+04] 1.761e+04 [1.761e+04, 1.761e+04] 19.81 [19.81, 19.81]
   host-gen/P1.2/ascii/decode/drop                              8.868e+06 [8.868e+06, 8.868e+06] 8.869e+06 [8.869e+06, 8.869e+06] 37.97 [37.97, 37.97]
   host-gen/P1.2/ascii/decode/retain                            9.139e+06 [9.139e+06, 9.139e+06] 9.139e+06 [9.139e+06, 9.139e+06] 39.12 [39.12, 39.12]
   host-gen/P1.2/ascii/decode+read/drop                         1.093e+07 [1.093e+07, 1.093e+07] 1.093e+07 [1.093e+07, 1.093e+07] 2.794 [2.794, 2.794]
   host-gen/P1.2/ascii/decode+read/retain                       1.094e+07 [1.094e+07, 1.094e+07] 1.094e+07 [1.094e+07, 1.094e+07] 2.796 [2.796, 2.796]
   host-gen/P1.2/ascii/encode/drop                              4.066e+06 [4.066e+06, 4.066e+06] 4.066e+06 [4.066e+06, 4.066e+06] 19.43 [19.43, 19.43]
   host-gen/P1.2/ascii/encode/retain                            4.385e+06 [4.385e+06, 4.385e+06] 4.385e+06 [4.385e+06, 4.385e+06] 20.96 [20.96, 20.96]
   host-gen/P1.3/ascii/decode/drop                              1.836e+05 [1.836e+05, 1.836e+05] 1.836e+05 [1.836e+05, 1.836e+05] 34.94 [34.94, 34.94]
   host-gen/P1.3/ascii/decode/retain                            1.857e+05 [1.857e+05, 1.857e+05] 1.857e+05 [1.857e+05, 1.857e+05] 35.34 [35.34, 35.34]
   host-gen/P1.3/ascii/decode+read/drop                         5.883e+05 [5.883e+05, 5.883e+05] 5.88e+05 [5.88e+05, 5.88e+05] 0.8763 [0.8763, 0.8763]
   host-gen/P1.3/ascii/decode+read/retain                       6.072e+05 [6.072e+05, 6.072e+05] 6.07e+05 [6.07e+05, 6.07e+05] 0.9045 [0.9045, 0.9045]
   host-gen/P1.3/ascii/encode/drop                              9.231e+04 [9.231e+04, 9.231e+04] 9.231e+04 [9.231e+04, 9.231e+04] 10.3 [10.3, 10.3]
   host-gen/P1.3/ascii/encode/retain                            9.888e+04 [9.888e+04, 9.888e+04] 9.884e+04 [9.884e+04, 9.884e+04] 11.04 [11.04, 11.04]
   host-gen/P2.1/ascii/decode/drop                              4.154e+04 [4.154e+04, 4.154e+04] 4.152e+04 [4.152e+04, 4.152e+04] 25.52 [25.52, 25.52]
   host-gen/P2.1/ascii/decode/retain                            4.363e+04 [4.363e+04, 4.363e+04] 4.36e+04 [4.36e+04, 4.36e+04] 26.8 [26.8, 26.8]
   host-gen/P2.1/ascii/decode+read/drop                         5.534e+04 [5.534e+04, 5.534e+04] 5.79e+04 [5.79e+04, 5.79e+04] 2.217 [2.217, 2.217]
   host-gen/P2.1/ascii/decode+read/retain                       5.652e+04 [5.652e+04, 5.652e+04] 5.829e+04 [5.829e+04, 5.829e+04] 2.265 [2.265, 2.265]
   host-gen/P2.1/ascii/encode/drop                              1.908e+04 [1.908e+04, 1.908e+04] 1.907e+04 [1.907e+04, 1.907e+04] 18.11 [18.11, 18.11]
   host-gen/P2.1/ascii/encode/retain                            1.951e+04 [1.951e+04, 1.951e+04] 1.95e+04 [1.95e+04, 1.95e+04] 18.51 [18.51, 18.51]
   host-gen/P2.2/ascii/decode/drop                              2.544e+07 [2.544e+07, 2.544e+07] 2.544e+07 [2.544e+07, 2.544e+07] 34.56 [34.56, 34.56]
   host-gen/P2.2/ascii/decode/retain                            2.665e+07 [2.665e+07, 2.665e+07] 2.665e+07 [2.665e+07, 2.665e+07] 36.2 [36.2, 36.2]
   host-gen/P2.2/ascii/decode+read/drop                         3.397e+07 [3.397e+07, 3.397e+07] 3.518e+07 [3.518e+07, 3.518e+07] 2.841 [2.841, 2.841]
   host-gen/P2.2/ascii/decode+read/retain                       3.046e+07 [3.046e+07, 3.046e+07] 3.072e+07 [3.072e+07, 3.072e+07] 2.548 [2.548, 2.548]
   host-gen/P2.2/ascii/encode/drop                              1.154e+07 [1.154e+07, 1.154e+07] 1.174e+07 [1.174e+07, 1.174e+07] 17.99 [17.99, 17.99]
   host-gen/P2.2/ascii/encode/retain                            1.168e+07 [1.168e+07, 1.168e+07] 1.167e+07 [1.167e+07, 1.167e+07] 18.2 [18.2, 18.2]
   host-gen/P2.3/ascii/decode/drop                              1.292e+07 [1.292e+07, 1.292e+07] 1.296e+07 [1.296e+07, 1.296e+07] 28.09 [28.09, 28.09]
   host-gen/P2.3/ascii/decode/retain                            1.283e+07 [1.283e+07, 1.283e+07] 1.283e+07 [1.283e+07, 1.283e+07] 27.89 [27.89, 27.89]
   host-gen/P2.3/ascii/decode+read/drop                         1.349e+07 [1.349e+07, 1.349e+07] 1.349e+07 [1.349e+07, 1.349e+07] 3.064 [3.064, 3.064]
   host-gen/P2.3/ascii/decode+read/retain                       1.448e+07 [1.448e+07, 1.448e+07] 1.448e+07 [1.448e+07, 1.448e+07] 3.288 [3.288, 3.288]
   host-gen/P2.3/ascii/encode/drop                              5.149e+06 [5.149e+06, 5.149e+06] 5.249e+06 [5.249e+06, 5.249e+06] 18.22 [18.22, 18.22]
   host-gen/P2.3/ascii/encode/retain                            5.136e+06 [5.136e+06, 5.136e+06] 5.335e+06 [5.335e+06, 5.335e+06] 18.17 [18.17, 18.17]
   host-gen/P2.4/ascii/decode/drop                              1.527e+07 [1.527e+07, 1.527e+07] 1.53e+07 [1.53e+07, 1.53e+07] 26.77 [26.77, 26.77]
   host-gen/P2.4/ascii/decode/retain                            1.534e+07 [1.534e+07, 1.534e+07] 1.534e+07 [1.534e+07, 1.534e+07] 26.9 [26.9, 26.9]
   host-gen/P2.4/ascii/decode+read/drop                         1.67e+07 [1.67e+07, 1.67e+07] 1.67e+07 [1.67e+07, 1.67e+07] 3.698 [3.698, 3.698]
   host-gen/P2.4/ascii/decode+read/retain                       3.052e+07 [3.052e+07, 3.052e+07] 3.052e+07 [3.052e+07, 3.052e+07] 6.757 [6.757, 6.757]
   host-gen/P2.4/ascii/encode/drop                              5.957e+06 [5.957e+06, 5.957e+06] 6.1e+06 [6.1e+06, 6.1e+06] 20.27 [20.27, 20.27]
   host-gen/P2.4/ascii/encode/retain                            5.595e+06 [5.595e+06, 5.595e+06] 5.612e+06 [5.612e+06, 5.612e+06] 19.04 [19.04, 19.04]
   host-gen/P2.4/latin1/decode/drop                             1.923e+07 [1.923e+07, 1.923e+07] 1.923e+07 [1.923e+07, 1.923e+07] 14.39 [14.39, 14.39]
   host-gen/P2.4/latin1/decode/retain                           1.925e+07 [1.925e+07, 1.925e+07] 1.925e+07 [1.925e+07, 1.925e+07] 14.4 [14.4, 14.4]
   host-gen/P2.4/latin1/decode+read/drop                        1.973e+07 [1.973e+07, 1.973e+07] 1.973e+07 [1.973e+07, 1.973e+07] 2.498 [2.498, 2.498]
   host-gen/P2.4/latin1/decode+read/retain                      2.087e+07 [2.087e+07, 2.087e+07] 2.095e+07 [2.095e+07, 2.095e+07] 2.641 [2.641, 2.641]
   host-gen/P2.4/latin1/encode/drop                             6.585e+06 [6.585e+06, 6.585e+06] 6.709e+06 [6.709e+06, 6.709e+06] 11.58 [11.58, 11.58]
   host-gen/P2.4/latin1/encode/retain                           6.973e+06 [6.973e+06, 6.973e+06] 7.143e+06 [7.143e+06, 7.143e+06] 12.27 [12.27, 12.27]
   host-gen/P2.4/wide/decode/drop                               1.979e+07 [1.979e+07, 1.979e+07] 2.125e+07 [2.125e+07, 2.125e+07] 7.025 [7.025, 7.025]
   host-gen/P2.4/wide/decode/retain                             1.984e+07 [1.984e+07, 1.984e+07] 1.984e+07 [1.984e+07, 1.984e+07] 7.044 [7.044, 7.044]
   host-gen/P2.4/wide/decode+read/drop                          2.185e+07 [2.185e+07, 2.185e+07] 2.185e+07 [2.185e+07, 2.185e+07] 2.347 [2.347, 2.347]
   host-gen/P2.4/wide/decode+read/retain                        2.151e+07 [2.151e+07, 2.151e+07] 2.153e+07 [2.153e+07, 2.153e+07] 2.311 [2.311, 2.311]
   host-gen/P2.4/wide/encode/drop                               7.156e+06 [7.156e+06, 7.156e+06] 7.155e+06 [7.155e+06, 7.155e+06] 8.481 [8.481, 8.481]
   host-gen/P2.4/wide/encode/retain                             7.176e+06 [7.176e+06, 7.176e+06] 7.176e+06 [7.176e+06, 7.176e+06] 8.505 [8.505, 8.505]
   host-gen/P2.5/ascii/decode/drop                              7.871e+05 [7.871e+05, 7.871e+05] 7.941e+05 [7.941e+05, 7.941e+05] 35.39 [35.39, 35.39]
   host-gen/P2.5/ascii/decode/retain                            8.286e+05 [8.286e+05, 8.286e+05] 8.376e+05 [8.376e+05, 8.376e+05] 37.26 [37.26, 37.26]
   host-gen/P2.5/ascii/decode+read/drop                         8.75e+05 [8.75e+05, 8.75e+05] 9.179e+05 [9.179e+05, 9.179e+05] 2.184 [2.184, 2.184]
   host-gen/P2.5/ascii/decode+read/retain                       1.058e+06 [1.058e+06, 1.058e+06] 1.058e+06 [1.058e+06, 1.058e+06] 2.641 [2.641, 2.641]
   host-gen/P2.5/ascii/encode/drop                              3.688e+05 [3.688e+05, 3.688e+05] 3.687e+05 [3.687e+05, 3.687e+05] 22.45 [22.45, 22.45]
   host-gen/P2.5/ascii/encode/retain                            3.063e+05 [3.063e+05, 3.063e+05] 3.06e+05 [3.06e+05, 3.06e+05] 18.64 [18.64, 18.64]
   host-gen/P3.1/ascii/decode/drop                              5.965e+05 [5.965e+05, 5.965e+05] 5.961e+05 [5.961e+05, 5.961e+05] 35.62 [35.62, 35.62]
   host-gen/P3.1/ascii/decode/retain                            6.147e+05 [6.147e+05, 6.147e+05] 6.357e+05 [6.357e+05, 6.357e+05] 36.71 [36.71, 36.71]
   host-gen/P3.1/ascii/decode+read/drop                         7.247e+05 [7.247e+05, 7.247e+05] 7.332e+05 [7.332e+05, 7.332e+05] 1.471 [1.471, 1.471]
   host-gen/P3.1/ascii/decode+read/retain                       6.85e+05 [6.85e+05, 6.85e+05] 6.85e+05 [6.85e+05, 6.85e+05] 1.391 [1.391, 1.391]
   host-gen/P3.1/ascii/encode/drop                              2.927e+05 [2.927e+05, 2.927e+05] 2.924e+05 [2.924e+05, 2.924e+05] 22.19 [22.19, 22.19]
   host-gen/P3.1/ascii/encode/retain                            3.058e+05 [3.058e+05, 3.058e+05] 3.056e+05 [3.056e+05, 3.056e+05] 23.18 [23.18, 23.18]
   host-gen/P4.1/ascii/decode/drop                              5.546e+06 [5.546e+06, 5.546e+06] 5.546e+06 [5.546e+06, 5.546e+06] 41.23 [41.23, 41.23]
   host-gen/P4.1/ascii/decode/retain                            3.431e+06 [3.431e+06, 3.431e+06] 3.43e+06 [3.43e+06, 3.43e+06] 25.5 [25.5, 25.5]
   host-gen/P4.1/ascii/decode+read/drop                         4.003e+06 [4.003e+06, 4.003e+06] 4.004e+06 [4.004e+06, 4.004e+06] 2.743 [2.743, 2.743]
   host-gen/P4.1/ascii/decode+read/retain                       4.3e+06 [4.3e+06, 4.3e+06] 4.299e+06 [4.299e+06, 4.299e+06] 2.946 [2.946, 2.946]
   host-gen/P4.1/ascii/encode/drop                              1.721e+06 [1.721e+06, 1.721e+06] 1.721e+06 [1.721e+06, 1.721e+06] 18.13 [18.13, 18.13]
   host-gen/P4.1/ascii/encode/retain                            1.784e+06 [1.784e+06, 1.784e+06] 1.784e+06 [1.784e+06, 1.784e+06] 18.79 [18.79, 18.79]
   host-gen/P5.1/ascii/decode/drop                              2305 [2305, 2305]          2303 [2303, 2303]          5.917 [5.917, 5.917]
   host-gen/P5.1/ascii/decode/retain                            2238 [2238, 2238]          2237 [2237, 2237]          5.745 [5.745, 5.745]
   host-gen/P5.1/ascii/decode+read/drop                         3255 [3255, 3255]          3585 [3585, 3585]          1.874 [1.874, 1.874]
   host-gen/P5.1/ascii/decode+read/retain                       3076 [3076, 3076]          3074 [3074, 3074]          1.771 [1.771, 1.771]
   host-gen/P5.1/ascii/encode/drop                              1192 [1192, 1192]          1278 [1278, 1278]          7.749 [7.749, 7.749]
   host-gen/P5.1/ascii/encode/retain                            1251 [1251, 1251]          1251 [1251, 1251]          8.134 [8.134, 8.134]
   host-gen/P5.2/ascii/decode/drop                              4610 [4610, 4610]          4609 [4609, 4609]          2.182 [2.182, 2.182]
   host-gen/P5.2/ascii/decode/retain                            4907 [4907, 4907]          4913 [4913, 4913]          2.322 [2.322, 2.322]
   host-gen/P5.2/ascii/decode+read/drop                         5450 [5450, 5450]          5448 [5448, 5448]          0.8425 [0.8425, 0.8425]
   host-gen/P5.2/ascii/decode+read/retain                       5565 [5565, 5565]          5562 [5562, 5562]          0.8603 [0.8603, 0.8603]
   host-gen/P5.2/ascii/encode/drop                              7409 [7409, 7409]          7629 [7629, 7629]          1.915 [1.915, 1.915]
   host-gen/P5.2/ascii/encode/retain                            7193 [7193, 7193]          7192 [7192, 7192]          1.859 [1.859, 1.859]
   host-gen/P5.3/ascii/decode/drop                              5.035e+04 [5.035e+04, 5.035e+04] 5.133e+04 [5.133e+04, 5.133e+04] 1.054 [1.054, 1.054]
   host-gen/P5.3/ascii/decode/retain                            5.438e+04 [5.438e+04, 5.438e+04] 5.937e+04 [5.937e+04, 5.937e+04] 1.138 [1.138, 1.138]
   host-gen/P5.3/ascii/decode+read/drop                         5.028e+04 [5.028e+04, 5.028e+04] 5.029e+04 [5.029e+04, 5.029e+04] 0.4062 [0.4062, 0.4062]
   host-gen/P5.3/ascii/decode+read/retain                       5.689e+04 [5.689e+04, 5.689e+04] 5.688e+04 [5.688e+04, 5.688e+04] 0.4596 [0.4596, 0.4596]
   host-gen/P5.3/ascii/encode/drop                              5.841e+05 [5.841e+05, 5.841e+05] 5.841e+05 [5.841e+05, 5.841e+05] 1.071 [1.071, 1.071]
   host-gen/P5.3/ascii/encode/retain                            6.14e+05 [6.14e+05, 6.14e+05] 6.138e+05 [6.138e+05, 6.138e+05] 1.126 [1.126, 1.126]
   host-gen/P5.4/ascii/decode/drop                              1.822e+06 [1.822e+06, 1.822e+06] 1.822e+06 [1.822e+06, 1.822e+06] 0.9759 [0.9759, 0.9759]
   host-gen/P5.4/ascii/decode/retain                            1.8e+06 [1.8e+06, 1.8e+06] 1.8e+06 [1.8e+06, 1.8e+06] 0.9642 [0.9642, 0.9642]
   host-gen/P5.4/ascii/decode+read/drop                         1.82e+06 [1.82e+06, 1.82e+06] 1.819e+06 [1.819e+06, 1.819e+06] 0.4965 [0.4965, 0.4965]
   host-gen/P5.4/ascii/decode+read/retain                       1.747e+06 [1.747e+06, 1.747e+06] 1.747e+06 [1.747e+06, 1.747e+06] 0.4767 [0.4767, 0.4767]
   host-gen/P5.4/ascii/encode/drop                              5.513e+06 [5.513e+06, 5.513e+06] 5.513e+06 [5.513e+06, 5.513e+06] 1.419 [1.419, 1.419]
   host-gen/P5.4/ascii/encode/retain                            7.367e+06 [7.367e+06, 7.367e+06] 7.367e+06 [7.367e+06, 7.367e+06] 1.896 [1.896, 1.896]
   host-gen/P6.1/ascii/decode/drop                              1.102e+07 [1.102e+07, 1.102e+07] 1.126e+07 [1.126e+07, 1.126e+07] 65.55 [65.55, 65.55]
   host-gen/P6.1/ascii/decode/retain                            1.111e+07 [1.111e+07, 1.111e+07] 1.111e+07 [1.111e+07, 1.111e+07] 66.11 [66.11, 66.11]
   host-gen/P6.1/ascii/decode+read/drop                         1.256e+07 [1.256e+07, 1.256e+07] 1.263e+07 [1.263e+07, 1.263e+07] 6.415 [6.415, 6.415]
   host-gen/P6.1/ascii/decode+read/retain                       1.031e+07 [1.031e+07, 1.031e+07] 1.031e+07 [1.031e+07, 1.031e+07] 5.267 [5.267, 5.267]
   host-gen/P6.1/ascii/encode/drop                              5.687e+06 [5.687e+06, 5.687e+06] 5.827e+06 [5.827e+06, 5.827e+06] 38.1 [38.1, 38.1]
   host-gen/P6.1/ascii/encode/retain                            6.589e+06 [6.589e+06, 6.589e+06] 6.89e+06 [6.89e+06, 6.89e+06] 44.14 [44.14, 44.14]
   host-gen/P7.1/ascii/decode/drop                              8750 [8750, 8750]          8746 [8746, 8746]          14.6 [14.6, 14.6]
   host-gen/P7.1/ascii/decode/retain                            9194 [9194, 9194]          9273 [9273, 9273]          15.34 [15.34, 15.34]
   host-gen/P7.1/ascii/decode+read/drop                         1.239e+04 [1.239e+04, 1.239e+04] 1.405e+04 [1.405e+04, 1.405e+04] 2.094 [2.094, 2.094]
   host-gen/P7.1/ascii/decode+read/retain                       1.151e+04 [1.151e+04, 1.151e+04] 1.15e+04 [1.15e+04, 1.15e+04] 1.944 [1.944, 1.944]
   host-gen/P7.1/ascii/encode/drop                              4786 [4786, 4786]          4783 [4783, 4783]          14.67 [14.67, 14.67]
   host-gen/P7.1/ascii/encode/retain                            4907 [4907, 4907]          4904 [4904, 4904]          15.04 [15.04, 15.04]
   host-gen/U-enum-value-999/ascii/decode/drop                  1952 [1952, 1952]          1951 [1951, 1951]          4.719 [4.719, 4.719]
   host-gen/U-enum-value-999/ascii/decode/retain                2067 [2067, 2067]          2189 [2189, 2189]          4.997 [4.997, 4.997]
   host-gen/U-enum-value-999/ascii/decode+read/drop             4072 [4072, 4072]          4071 [4071, 4071]          1.074 [1.074, 1.074]
   host-gen/U-enum-value-999/ascii/decode+read/retain           4152 [4152, 4152]          4148 [4148, 4148]          1.095 [1.095, 1.095]
   host-gen/U-enum-value-999/ascii/encode/drop                  1200 [1200, 1200]          1200 [1200, 1200]          6.366 [6.366, 6.366]
   host-gen/U-enum-value-999/ascii/encode/retain                1227 [1227, 1227]          1226 [1226, 1226]          6.505 [6.505, 6.505]
   host-gen/U-nested-all/ascii/decode/drop                      1.263e+04 [1.263e+04, 1.263e+04] 1.262e+04 [1.262e+04, 1.262e+04] 17.22 [17.22, 17.22]
   host-gen/U-nested-all/ascii/decode/retain                    1.383e+04 [1.383e+04, 1.383e+04] 1.383e+04 [1.383e+04, 1.383e+04] 18.87 [18.87, 18.87]
   host-gen/U-nested-all/ascii/decode+read/drop                 1.576e+04 [1.576e+04, 1.576e+04] 1.576e+04 [1.576e+04, 1.576e+04] 2.983 [2.983, 2.983]
   host-gen/U-nested-all/ascii/decode+read/retain               1.637e+04 [1.637e+04, 1.637e+04] 1.636e+04 [1.636e+04, 1.636e+04] 3.098 [3.098, 3.098]
   host-gen/U-nested-all/ascii/encode/drop                      3833 [3833, 3833]          3832 [3832, 3832]          9.191 [9.191, 9.191]
   host-gen/U-nested-all/ascii/encode/retain                    5747 [5747, 5747]          6219 [6219, 6219]          13.78 [13.78, 13.78]
   host-gen/U-oneof-all/ascii/decode/drop                       8258 [8258, 8258]          8370 [8370, 8370]          14 [14, 14]
   host-gen/U-oneof-all/ascii/decode/retain                     9386 [9386, 9386]          9448 [9448, 9448]          15.91 [15.91, 15.91]
   host-gen/U-oneof-all/ascii/decode+read/drop                  9631 [9631, 9631]          9624 [9624, 9624]          2.966 [2.966, 2.966]
   host-gen/U-oneof-all/ascii/decode+read/retain                1.109e+04 [1.109e+04, 1.109e+04] 1.131e+04 [1.131e+04, 1.131e+04] 3.415 [3.415, 3.415]
   host-gen/U-oneof-all/ascii/encode/drop                       1863 [1863, 1863]          1863 [1863, 1863]          9.748 [9.748, 9.748]
   host-gen/U-oneof-all/ascii/encode/retain                     2147 [2147, 2147]          2147 [2147, 2147]          11.23 [11.23, 11.23]
   host-gen/U-root-all/ascii/decode/drop                        2.072e+04 [2.072e+04, 2.072e+04] 2.071e+04 [2.071e+04, 2.071e+04] 18.29 [18.29, 18.29]
   host-gen/U-root-all/ascii/decode/retain                      2.364e+04 [2.364e+04, 2.364e+04] 2.363e+04 [2.363e+04, 2.363e+04] 20.87 [20.87, 20.87]
   host-gen/U-root-all/ascii/decode+read/drop                   2.777e+04 [2.777e+04, 2.777e+04] 2.776e+04 [2.776e+04, 2.776e+04] 2.796 [2.796, 2.796]
   host-gen/U-root-all/ascii/decode+read/retain                 2.717e+04 [2.717e+04, 2.717e+04] 2.716e+04 [2.716e+04, 2.716e+04] 2.735 [2.735, 2.735]
   host-gen/U-root-all/ascii/encode/drop                        1.138e+04 [1.138e+04, 1.138e+04] 1.16e+04 [1.16e+04, 1.16e+04] 20.67 [20.67, 20.67]
   host-gen/U-root-all/ascii/encode/retain                      8478 [8478, 8478]          8473 [8473, 8473]          15.4 [15.4, 15.4]
   incumbent-best/P1.1/ascii/decode/incumbent-default           1740 [1740, 1740]          1740 [1740, 1740]          1.308 [1.308, 1.308]
   incumbent-best/P1.1/ascii/decode+read/incumbent-default      1.802e+04 [1.802e+04, 1.802e+04] 1.802e+04 [1.802e+04, 1.802e+04] 1.028 [1.028, 1.028]
   incumbent-best/P1.1/ascii/encode/incumbent-default           967.2 [967.2, 967.2]       1029 [1029, 1029]          1.088 [1.088, 1.088]
   incumbent-best/P1.2/ascii/decode/incumbent-default           4.072e+05 [4.072e+05, 4.072e+05] 4.072e+05 [4.072e+05, 4.072e+05] 1.743 [1.743, 1.743]
   incumbent-best/P1.2/ascii/decode+read/incumbent-default      4.127e+06 [4.127e+06, 4.127e+06] 4.199e+06 [4.199e+06, 4.199e+06] 1.055 [1.055, 1.055]
   incumbent-best/P1.2/ascii/encode/incumbent-default           2.006e+05 [2.006e+05, 2.006e+05] 2.005e+05 [2.005e+05, 2.005e+05] 0.9587 [0.9587, 0.9587]
   incumbent-best/P1.3/ascii/decode/incumbent-default           2.738e+04 [2.738e+04, 2.738e+04] 3.079e+04 [3.079e+04, 3.079e+04] 5.211 [5.211, 5.211]
   incumbent-best/P1.3/ascii/decode+read/incumbent-default      6.697e+05 [6.697e+05, 6.697e+05] 6.696e+05 [6.696e+05, 6.696e+05] 0.9976 [0.9976, 0.9976]
   incumbent-best/P1.3/ascii/encode/incumbent-default           8991 [8991, 8991]          9223 [9223, 9223]          1.003 [1.003, 1.003]
   incumbent-best/P2.1/ascii/decode/incumbent-default           2612 [2612, 2612]          2612 [2612, 2612]          1.605 [1.605, 1.605]
   incumbent-best/P2.1/ascii/decode+read/incumbent-default      2.771e+04 [2.771e+04, 2.771e+04] 2.77e+04 [2.77e+04, 2.77e+04] 1.11 [1.11, 1.11]
   incumbent-best/P2.1/ascii/encode/incumbent-default           1088 [1088, 1088]          1115 [1115, 1115]          1.033 [1.033, 1.033]
   incumbent-best/P2.2/ascii/decode/incumbent-default           1.286e+06 [1.286e+06, 1.286e+06] 1.286e+06 [1.286e+06, 1.286e+06] 1.747 [1.747, 1.747]
   incumbent-best/P2.2/ascii/decode+read/incumbent-default      1.247e+07 [1.247e+07, 1.247e+07] 1.247e+07 [1.247e+07, 1.247e+07] 1.043 [1.043, 1.043]
   incumbent-best/P2.2/ascii/encode/incumbent-default           6.363e+05 [6.363e+05, 6.363e+05] 6.363e+05 [6.363e+05, 6.363e+05] 0.9919 [0.9919, 0.9919]
   incumbent-best/P2.3/ascii/decode/incumbent-default           1.022e+06 [1.022e+06, 1.022e+06] 1.022e+06 [1.022e+06, 1.022e+06] 2.221 [2.221, 2.221]
   incumbent-best/P2.3/ascii/decode+read/incumbent-default      4.616e+06 [4.616e+06, 4.616e+06] 4.616e+06 [4.616e+06, 4.616e+06] 1.048 [1.048, 1.048]
   incumbent-best/P2.3/ascii/encode/incumbent-default           2.78e+05 [2.78e+05, 2.78e+05] 2.782e+05 [2.782e+05, 2.782e+05] 0.9834 [0.9834, 0.9834]
   incumbent-best/P2.4/ascii/decode/incumbent-default           1.481e+06 [1.481e+06, 1.481e+06] 1.481e+06 [1.481e+06, 1.481e+06] 2.597 [2.597, 2.597]
   incumbent-best/P2.4/ascii/decode+read/incumbent-default      7.321e+06 [7.321e+06, 7.321e+06] 7.32e+06 [7.32e+06, 7.32e+06] 1.621 [1.621, 1.621]
   incumbent-best/P2.4/ascii/encode/incumbent-default           3.167e+05 [3.167e+05, 3.167e+05] 3.167e+05 [3.167e+05, 3.167e+05] 1.078 [1.078, 1.078]
   incumbent-best/P2.4/latin1/decode/incumbent-default          1.516e+06 [1.516e+06, 1.516e+06] 1.515e+06 [1.515e+06, 1.515e+06] 1.134 [1.134, 1.134]
   incumbent-best/P2.4/latin1/decode+read/incumbent-default     8.091e+06 [8.091e+06, 8.091e+06] 8.091e+06 [8.091e+06, 8.091e+06] 1.024 [1.024, 1.024]
   incumbent-best/P2.4/latin1/encode/incumbent-default          5.529e+05 [5.529e+05, 5.529e+05] 5.618e+05 [5.618e+05, 5.618e+05] 0.9726 [0.9726, 0.9726]
   incumbent-best/P2.4/wide/decode/incumbent-default            2.424e+06 [2.424e+06, 2.424e+06] 2.424e+06 [2.424e+06, 2.424e+06] 0.8604 [0.8604, 0.8604]
   incumbent-best/P2.4/wide/decode+read/incumbent-default       9.501e+06 [9.501e+06, 9.501e+06] 9.5e+06 [9.5e+06, 9.5e+06] 1.021 [1.021, 1.021]
   incumbent-best/P2.4/wide/encode/incumbent-default            8.752e+05 [8.752e+05, 8.752e+05] 8.753e+05 [8.753e+05, 8.753e+05] 1.037 [1.037, 1.037]
   incumbent-best/P2.5/ascii/decode/incumbent-default           4.289e+04 [4.289e+04, 4.289e+04] 4.288e+04 [4.288e+04, 4.288e+04] 1.929 [1.929, 1.929]
   incumbent-best/P2.5/ascii/decode+read/incumbent-default      4.426e+05 [4.426e+05, 4.426e+05] 4.427e+05 [4.427e+05, 4.427e+05] 1.105 [1.105, 1.105]
   incumbent-best/P2.5/ascii/encode/incumbent-default           1.653e+04 [1.653e+04, 1.653e+04] 1.652e+04 [1.652e+04, 1.652e+04] 1.006 [1.006, 1.006]
   incumbent-best/P3.1/ascii/decode/incumbent-default           3.05e+04 [3.05e+04, 3.05e+04] 3.05e+04 [3.05e+04, 3.05e+04] 1.821 [1.821, 1.821]
   incumbent-best/P3.1/ascii/decode+read/incumbent-default      5.35e+05 [5.35e+05, 5.35e+05] 6.252e+05 [6.252e+05, 6.252e+05] 1.086 [1.086, 1.086]
   incumbent-best/P3.1/ascii/encode/incumbent-default           1.154e+04 [1.154e+04, 1.154e+04] 1.153e+04 [1.153e+04, 1.153e+04] 0.8747 [0.8747, 0.8747]
   incumbent-best/P4.1/ascii/decode/incumbent-default           2.198e+05 [2.198e+05, 2.198e+05] 2.198e+05 [2.198e+05, 2.198e+05] 1.634 [1.634, 1.634]
   incumbent-best/P4.1/ascii/decode+read/incumbent-default      1.694e+06 [1.694e+06, 1.694e+06] 1.693e+06 [1.693e+06, 1.693e+06] 1.16 [1.16, 1.16]
   incumbent-best/P4.1/ascii/encode/incumbent-default           7.983e+04 [7.983e+04, 7.983e+04] 7.978e+04 [7.978e+04, 7.978e+04] 0.8406 [0.8406, 0.8406]
   incumbent-best/P5.1/ascii/decode/incumbent-default           345.9 [345.9, 345.9]       345.9 [345.9, 345.9]       0.8879 [0.8879, 0.8879]
   incumbent-best/P5.1/ascii/decode+read/incumbent-default      1789 [1789, 1789]          1788 [1788, 1788]          1.03 [1.03, 1.03]
   incumbent-best/P5.1/ascii/encode/incumbent-default           149.5 [149.5, 149.5]       150.4 [150.4, 150.4]       0.9714 [0.9714, 0.9714]
   incumbent-best/P5.2/ascii/decode/incumbent-default           3.467e+04 [3.467e+04, 3.467e+04] 3.466e+04 [3.466e+04, 3.466e+04] 16.41 [16.41, 16.41]
   incumbent-best/P5.2/ascii/decode+read/incumbent-default      4.054e+04 [4.054e+04, 4.054e+04] 4.052e+04 [4.052e+04, 4.052e+04] 6.266 [6.266, 6.266]
   incumbent-best/P5.2/ascii/encode/incumbent-default           3923 [3923, 3923]          3922 [3922, 3922]          1.014 [1.014, 1.014]
   incumbent-best/P5.3/ascii/decode/incumbent-default           5.857e+05 [5.857e+05, 5.857e+05] 5.854e+05 [5.854e+05, 5.854e+05] 12.26 [12.26, 12.26]
   incumbent-best/P5.3/ascii/decode+read/incumbent-default      1.2e+06 [1.2e+06, 1.2e+06] 1.2e+06 [1.2e+06, 1.2e+06] 9.696 [9.696, 9.696]
   incumbent-best/P5.3/ascii/encode/incumbent-default           5.159e+05 [5.159e+05, 5.159e+05] 5.158e+05 [5.158e+05, 5.158e+05] 0.9458 [0.9458, 0.9458]
   incumbent-best/P5.4/ascii/decode/incumbent-default           1.867e+06 [1.867e+06, 1.867e+06] 1.937e+06 [1.937e+06, 1.937e+06] 0.9998 [0.9998, 0.9998]
   incumbent-best/P5.4/ascii/decode+read/incumbent-default      4.096e+06 [4.096e+06, 4.096e+06] 4.112e+06 [4.112e+06, 4.112e+06] 1.118 [1.118, 1.118]
   incumbent-best/P5.4/ascii/encode/incumbent-default           3.803e+06 [3.803e+06, 3.803e+06] 3.804e+06 [3.804e+06, 3.804e+06] 0.979 [0.979, 0.979]
   incumbent-best/P6.1/ascii/decode/incumbent-default           2.577e+05 [2.577e+05, 2.577e+05] 2.576e+05 [2.576e+05, 2.576e+05] 1.534 [1.534, 1.534]
   incumbent-best/P6.1/ascii/decode+read/incumbent-default      1.904e+06 [1.904e+06, 1.904e+06] 1.903e+06 [1.903e+06, 1.903e+06] 0.9726 [0.9726, 0.9726]
   incumbent-best/P6.1/ascii/encode/incumbent-default           1.522e+05 [1.522e+05, 1.522e+05] 1.523e+05 [1.523e+05, 1.523e+05] 1.02 [1.02, 1.02]
   incumbent-best/P7.1/ascii/decode/incumbent-default           647.7 [647.7, 647.7]       1638 [1638, 1638]          1.08 [1.08, 1.08]
   incumbent-best/P7.1/ascii/decode+read/incumbent-default      5850 [5850, 5850]          5848 [5848, 5848]          0.9884 [0.9884, 0.9884]
   incumbent-best/P7.1/ascii/encode/incumbent-default           292.5 [292.5, 292.5]       292.2 [292.2, 292.2]       0.8966 [0.8966, 0.8966]
   incumbent-prod/P1.1/ascii/decode/incumbent-default           1330 [1330, 1330]          1330 [1330, 1330]          1 [1, 1]
   incumbent-prod/P1.1/ascii/decode+read/incumbent-default      1.753e+04 [1.753e+04, 1.753e+04] 1.752e+04 [1.752e+04, 1.752e+04] 1 [1, 1]
   incumbent-prod/P1.1/ascii/encode/incumbent-default           889 [889, 889]             888.5 [888.5, 888.5]       1 [1, 1]
   incumbent-prod/P1.2/ascii/decode/incumbent-default           2.336e+05 [2.336e+05, 2.336e+05] 2.365e+05 [2.365e+05, 2.365e+05] 1 [1, 1]
   incumbent-prod/P1.2/ascii/decode+read/incumbent-default      3.912e+06 [3.912e+06, 3.912e+06] 3.911e+06 [3.911e+06, 3.911e+06] 1 [1, 1]
   incumbent-prod/P1.2/ascii/encode/incumbent-default           2.093e+05 [2.093e+05, 2.093e+05] 2.092e+05 [2.092e+05, 2.092e+05] 1 [1, 1]
   incumbent-prod/P1.3/ascii/decode/incumbent-default           5255 [5255, 5255]          5253 [5253, 5253]          1 [1, 1]
   incumbent-prod/P1.3/ascii/decode+read/incumbent-default      6.713e+05 [6.713e+05, 6.713e+05] 6.709e+05 [6.709e+05, 6.709e+05] 1 [1, 1]
   incumbent-prod/P1.3/ascii/encode/incumbent-default           8960 [8960, 8960]          8954 [8954, 8954]          1 [1, 1]
   incumbent-prod/P2.1/ascii/decode/incumbent-default           1628 [1628, 1628]          1627 [1627, 1627]          1 [1, 1]
   incumbent-prod/P2.1/ascii/decode+read/incumbent-default      2.496e+04 [2.496e+04, 2.496e+04] 2.495e+04 [2.495e+04, 2.495e+04] 1 [1, 1]
   incumbent-prod/P2.1/ascii/encode/incumbent-default           1054 [1054, 1054]          1053 [1053, 1053]          1 [1, 1]
   incumbent-prod/P2.2/ascii/decode/incumbent-default           7.361e+05 [7.361e+05, 7.361e+05] 7.36e+05 [7.36e+05, 7.36e+05] 1 [1, 1]
   incumbent-prod/P2.2/ascii/decode+read/incumbent-default      1.196e+07 [1.196e+07, 1.196e+07] 1.208e+07 [1.208e+07, 1.208e+07] 1 [1, 1]
   incumbent-prod/P2.2/ascii/encode/incumbent-default           6.415e+05 [6.415e+05, 6.415e+05] 6.414e+05 [6.414e+05, 6.414e+05] 1 [1, 1]
   incumbent-prod/P2.3/ascii/decode/incumbent-default           4.6e+05 [4.6e+05, 4.6e+05] 4.6e+05 [4.6e+05, 4.6e+05] 1 [1, 1]
   incumbent-prod/P2.3/ascii/decode+read/incumbent-default      4.403e+06 [4.403e+06, 4.403e+06] 4.403e+06 [4.403e+06, 4.403e+06] 1 [1, 1]
   incumbent-prod/P2.3/ascii/encode/incumbent-default           2.827e+05 [2.827e+05, 2.827e+05] 2.827e+05 [2.827e+05, 2.827e+05] 1 [1, 1]
   incumbent-prod/P2.4/ascii/decode/incumbent-default           5.703e+05 [5.703e+05, 5.703e+05] 5.701e+05 [5.701e+05, 5.701e+05] 1 [1, 1]
   incumbent-prod/P2.4/ascii/decode+read/incumbent-default      4.517e+06 [4.517e+06, 4.517e+06] 4.517e+06 [4.517e+06, 4.517e+06] 1 [1, 1]
   incumbent-prod/P2.4/ascii/encode/incumbent-default           2.939e+05 [2.939e+05, 2.939e+05] 2.939e+05 [2.939e+05, 2.939e+05] 1 [1, 1]
   incumbent-prod/P2.4/latin1/decode/incumbent-default          1.336e+06 [1.336e+06, 1.336e+06] 1.336e+06 [1.336e+06, 1.336e+06] 1 [1, 1]
   incumbent-prod/P2.4/latin1/decode+read/incumbent-default     7.901e+06 [7.901e+06, 7.901e+06] 7.9e+06 [7.9e+06, 7.9e+06] 1 [1, 1]
   incumbent-prod/P2.4/latin1/encode/incumbent-default          5.685e+05 [5.685e+05, 5.685e+05] 5.685e+05 [5.685e+05, 5.685e+05] 1 [1, 1]
   incumbent-prod/P2.4/wide/decode/incumbent-default            2.817e+06 [2.817e+06, 2.817e+06] 2.885e+06 [2.885e+06, 2.885e+06] 1 [1, 1]
   incumbent-prod/P2.4/wide/decode+read/incumbent-default       9.308e+06 [9.308e+06, 9.308e+06] 9.307e+06 [9.307e+06, 9.307e+06] 1 [1, 1]
   incumbent-prod/P2.4/wide/encode/incumbent-default            8.438e+05 [8.438e+05, 8.438e+05] 8.438e+05 [8.438e+05, 8.438e+05] 1 [1, 1]
   incumbent-prod/P2.5/ascii/decode/incumbent-default           2.224e+04 [2.224e+04, 2.224e+04] 2.223e+04 [2.223e+04, 2.223e+04] 1 [1, 1]
   incumbent-prod/P2.5/ascii/decode+read/incumbent-default      4.006e+05 [4.006e+05, 4.006e+05] 4.005e+05 [4.005e+05, 4.005e+05] 1 [1, 1]
   incumbent-prod/P2.5/ascii/encode/incumbent-default           1.643e+04 [1.643e+04, 1.643e+04] 1.642e+04 [1.642e+04, 1.642e+04] 1 [1, 1]
   incumbent-prod/P3.1/ascii/decode/incumbent-default           1.675e+04 [1.675e+04, 1.675e+04] 1.674e+04 [1.674e+04, 1.674e+04] 1 [1, 1]
   incumbent-prod/P3.1/ascii/decode+read/incumbent-default      4.926e+05 [4.926e+05, 4.926e+05] 4.923e+05 [4.923e+05, 4.923e+05] 1 [1, 1]
   incumbent-prod/P3.1/ascii/encode/incumbent-default           1.319e+04 [1.319e+04, 1.319e+04] 1.319e+04 [1.319e+04, 1.319e+04] 1 [1, 1]
   incumbent-prod/P4.1/ascii/decode/incumbent-default           1.345e+05 [1.345e+05, 1.345e+05] 1.345e+05 [1.345e+05, 1.345e+05] 1 [1, 1]
   incumbent-prod/P4.1/ascii/decode+read/incumbent-default      1.46e+06 [1.46e+06, 1.46e+06] 1.459e+06 [1.459e+06, 1.459e+06] 1 [1, 1]
   incumbent-prod/P4.1/ascii/encode/incumbent-default           9.496e+04 [9.496e+04, 9.496e+04] 9.494e+04 [9.494e+04, 9.494e+04] 1 [1, 1]
   incumbent-prod/P5.1/ascii/decode/incumbent-default           389.6 [389.6, 389.6]       389.5 [389.5, 389.5]       1 [1, 1]
   incumbent-prod/P5.1/ascii/decode+read/incumbent-default      1737 [1737, 1737]          1737 [1737, 1737]          1 [1, 1]
   incumbent-prod/P5.1/ascii/encode/incumbent-default           153.9 [153.9, 153.9]       153.8 [153.8, 153.8]       1 [1, 1]
   incumbent-prod/P5.2/ascii/decode/incumbent-default           2113 [2113, 2113]          2112 [2112, 2112]          1 [1, 1]
   incumbent-prod/P5.2/ascii/decode+read/incumbent-default      6469 [6469, 6469]          6461 [6461, 6461]          1 [1, 1]
   incumbent-prod/P5.2/ascii/encode/incumbent-default           3869 [3869, 3869]          3996 [3996, 3996]          1 [1, 1]
   incumbent-prod/P5.3/ascii/decode/incumbent-default           4.777e+04 [4.777e+04, 4.777e+04] 4.774e+04 [4.774e+04, 4.774e+04] 1 [1, 1]
   incumbent-prod/P5.3/ascii/decode+read/incumbent-default      1.238e+05 [1.238e+05, 1.238e+05] 1.238e+05 [1.238e+05, 1.238e+05] 1 [1, 1]
   incumbent-prod/P5.3/ascii/encode/incumbent-default           5.455e+05 [5.455e+05, 5.455e+05] 5.768e+05 [5.768e+05, 5.768e+05] 1 [1, 1]
   incumbent-prod/P5.4/ascii/decode/incumbent-default           1.867e+06 [1.867e+06, 1.867e+06] 1.867e+06 [1.867e+06, 1.867e+06] 1 [1, 1]
   incumbent-prod/P5.4/ascii/decode+read/incumbent-default      3.665e+06 [3.665e+06, 3.665e+06] 3.664e+06 [3.664e+06, 3.664e+06] 1 [1, 1]
   incumbent-prod/P5.4/ascii/encode/incumbent-default           3.885e+06 [3.885e+06, 3.885e+06] 3.884e+06 [3.884e+06, 3.884e+06] 1 [1, 1]
   incumbent-prod/P6.1/ascii/decode/incumbent-default           1.681e+05 [1.681e+05, 1.681e+05] 1.68e+05 [1.68e+05, 1.68e+05] 1 [1, 1]
   incumbent-prod/P6.1/ascii/decode+read/incumbent-default      1.957e+06 [1.957e+06, 1.957e+06] 2.004e+06 [2.004e+06, 2.004e+06] 1 [1, 1]
   incumbent-prod/P6.1/ascii/encode/incumbent-default           1.493e+05 [1.493e+05, 1.493e+05] 1.492e+05 [1.492e+05, 1.492e+05] 1 [1, 1]
   incumbent-prod/P7.1/ascii/decode/incumbent-default           599.4 [599.4, 599.4]       1091 [1091, 1091]          1 [1, 1]
   incumbent-prod/P7.1/ascii/decode+read/incumbent-default      5919 [5919, 5919]          6049 [6049, 6049]          1 [1, 1]
   incumbent-prod/P7.1/ascii/encode/incumbent-default           326.2 [326.2, 326.2]       326.3 [326.3, 326.3]       1 [1, 1]
   incumbent-prod/U-enum-value-999/ascii/decode/incumbent-default 413.7 [413.7, 413.7]       413.6 [413.6, 413.6]       1 [1, 1]
   incumbent-prod/U-enum-value-999/ascii/decode+read/incumbent-default 3792 [3792, 3792]          3790 [3790, 3790]          1 [1, 1]
   incumbent-prod/U-enum-value-999/ascii/encode/incumbent-default 188.5 [188.5, 188.5]       188.5 [188.5, 188.5]       1 [1, 1]
   incumbent-prod/U-nested-all/ascii/decode/incumbent-default   733.2 [733.2, 733.2]       732.6 [732.6, 732.6]       1 [1, 1]
   incumbent-prod/U-nested-all/ascii/decode+read/incumbent-default 5284 [5284, 5284]          5284 [5284, 5284]          1 [1, 1]
   incumbent-prod/U-nested-all/ascii/encode/incumbent-default   417.1 [417.1, 417.1]       417.1 [417.1, 417.1]       1 [1, 1]
   incumbent-prod/U-oneof-all/ascii/decode/incumbent-default    589.8 [589.8, 589.8]       589.5 [589.5, 589.5]       1 [1, 1]
   incumbent-prod/U-oneof-all/ascii/decode+read/incumbent-default 3247 [3247, 3247]          3261 [3261, 3261]          1 [1, 1]
   incumbent-prod/U-oneof-all/ascii/encode/incumbent-default    191.1 [191.1, 191.1]       191.1 [191.1, 191.1]       1 [1, 1]
   incumbent-prod/U-root-all/ascii/decode/incumbent-default     1133 [1133, 1133]          1159 [1159, 1159]          1 [1, 1]
   incumbent-prod/U-root-all/ascii/decode+read/incumbent-default 9934 [9934, 9934]          9934 [9934, 9934]          1 [1, 1]
   incumbent-prod/U-root-all/ascii/encode/incumbent-default     550.5 [550.5, 550.5]       549.8 [549.8, 549.8]       1 [1, 1]

## rpc: median [min, max] over all rounds and launches
   key                                                          cpu ns/iter                wall ns/iter               per-round ratio to the baseline (cpu)
   A/P2.2/a/incumbent-default/pinned/1                          1.572e+06 [1.572e+06, 1.572e+06] 3.696e+06 [3.696e+06, 3.696e+06] 1 [1, 1]
   A/P2.2/a/incumbent-default/pinned/16                         1.643e+06 [1.643e+06, 1.643e+06] 2.151e+06 [2.151e+06, 2.151e+06] 1 [1, 1]
   A/P2.2/a/incumbent-default/pinned/8                          1.605e+06 [1.605e+06, 1.605e+06] 2.238e+06 [2.238e+06, 2.238e+06] 1 [1, 1]
   A/P2.2/a/incumbent-default/shipped/1                         1.378e+06 [1.378e+06, 1.378e+06] 3.537e+06 [3.537e+06, 3.537e+06] 1 [1, 1]
   A/P2.2/a/incumbent-default/shipped/16                        1.755e+06 [1.755e+06, 1.755e+06] 1.894e+06 [1.894e+06, 1.894e+06] 1 [1, 1]
   A/P2.2/a/incumbent-default/shipped/8                         1.587e+06 [1.587e+06, 1.587e+06] 2.038e+06 [2.038e+06, 2.038e+06] 1 [1, 1]
   A/P2.2/a+read/incumbent-default/pinned/1                     1.121e+07 [1.121e+07, 1.121e+07] 1.582e+07 [1.582e+07, 1.582e+07] 1 [1, 1]
   A/P2.2/a+read/incumbent-default/pinned/16                    1.123e+07 [1.123e+07, 1.123e+07] 1.29e+07 [1.29e+07, 1.29e+07] 1 [1, 1]
   A/P2.2/a+read/incumbent-default/pinned/8                     1.071e+07 [1.071e+07, 1.071e+07] 1.169e+07 [1.169e+07, 1.169e+07] 1 [1, 1]
   A/P2.2/a+read/incumbent-default/shipped/1                    1.278e+07 [1.278e+07, 1.278e+07] 2.084e+07 [2.084e+07, 2.084e+07] 1 [1, 1]
   A/P2.2/a+read/incumbent-default/shipped/16                   1.279e+07 [1.279e+07, 1.279e+07] 1.353e+07 [1.353e+07, 1.353e+07] 1 [1, 1]
   A/P2.2/a+read/incumbent-default/shipped/8                    9.753e+06 [9.753e+06, 9.753e+06] 1.146e+07 [1.146e+07, 1.146e+07] 1 [1, 1]
   A/P2.2/b/incumbent-default/pinned/1                          1.151e+06 [1.151e+06, 1.151e+06] 3.085e+06 [3.085e+06, 3.085e+06] 1 [1, 1]
   A/P2.2/b/incumbent-default/pinned/16                         1.645e+06 [1.645e+06, 1.645e+06] 5.256e+06 [5.256e+06, 5.256e+06] 1 [1, 1]
   A/P2.2/b/incumbent-default/pinned/8                          1.481e+06 [1.481e+06, 1.481e+06] 3.027e+06 [3.027e+06, 3.027e+06] 1 [1, 1]
   A/P2.2/b/incumbent-default/shipped/1                         1.2e+06 [1.2e+06, 1.2e+06] 3.366e+06 [3.366e+06, 3.366e+06] 1 [1, 1]
   A/P2.2/b/incumbent-default/shipped/16                        1.776e+06 [1.776e+06, 1.776e+06] 3.409e+06 [3.409e+06, 3.409e+06] 1 [1, 1]
   A/P2.2/b/incumbent-default/shipped/8                         1.627e+06 [1.627e+06, 1.627e+06] 2.507e+06 [2.507e+06, 2.507e+06] 1 [1, 1]
   B/P2.2/a/incumbent-default/pinned/1                          1.302e+06 [1.302e+06, 1.302e+06] 2.831e+06 [2.831e+06, 2.831e+06] 0.8281 [0.8281, 0.8281]
   B/P2.2/a/incumbent-default/pinned/16                         1.475e+06 [1.475e+06, 1.475e+06] 1.375e+06 [1.375e+06, 1.375e+06] 0.8981 [0.8981, 0.8981]
   B/P2.2/a/incumbent-default/pinned/8                          1.445e+06 [1.445e+06, 1.445e+06] 1.581e+06 [1.581e+06, 1.581e+06] 0.9 [0.9, 0.9]
   B/P2.2/a/incumbent-default/shipped/1                         1.386e+06 [1.386e+06, 1.386e+06] 2.266e+06 [2.266e+06, 2.266e+06] 1.006 [1.006, 1.006]
   B/P2.2/a/incumbent-default/shipped/16                        1.489e+06 [1.489e+06, 1.489e+06] 1.732e+06 [1.732e+06, 1.732e+06] 0.8485 [0.8485, 0.8485]
   B/P2.2/a/incumbent-default/shipped/8                         1.412e+06 [1.412e+06, 1.412e+06] 1.106e+06 [1.106e+06, 1.106e+06] 0.8896 [0.8896, 0.8896]
   B/P2.2/a+read/incumbent-default/pinned/1                     1.045e+07 [1.045e+07, 1.045e+07] 1.156e+07 [1.156e+07, 1.156e+07] 0.9324 [0.9324, 0.9324]
   B/P2.2/a+read/incumbent-default/pinned/16                    1.257e+07 [1.257e+07, 1.257e+07] 1.412e+07 [1.412e+07, 1.412e+07] 1.119 [1.119, 1.119]
   B/P2.2/a+read/incumbent-default/pinned/8                     1.113e+07 [1.113e+07, 1.113e+07] 1.27e+07 [1.27e+07, 1.27e+07] 1.039 [1.039, 1.039]
   B/P2.2/a+read/incumbent-default/shipped/1                    1.142e+07 [1.142e+07, 1.142e+07] 1.285e+07 [1.285e+07, 1.285e+07] 0.894 [0.894, 0.894]
   B/P2.2/a+read/incumbent-default/shipped/16                   1.014e+07 [1.014e+07, 1.014e+07] 1.01e+07 [1.01e+07, 1.01e+07] 0.7926 [0.7926, 0.7926]
   B/P2.2/a+read/incumbent-default/shipped/8                    9.951e+06 [9.951e+06, 9.951e+06] 1.122e+07 [1.122e+07, 1.122e+07] 1.02 [1.02, 1.02]
   B/P2.2/b/incumbent-default/pinned/1                          1.074e+06 [1.074e+06, 1.074e+06] 4.546e+06 [4.546e+06, 4.546e+06] 0.9332 [0.9332, 0.9332]
   B/P2.2/b/incumbent-default/pinned/16                         1.989e+06 [1.989e+06, 1.989e+06] 3.232e+06 [3.232e+06, 3.232e+06] 1.209 [1.209, 1.209]
   B/P2.2/b/incumbent-default/pinned/8                          1.441e+06 [1.441e+06, 1.441e+06] 3.337e+06 [3.337e+06, 3.337e+06] 0.9727 [0.9727, 0.9727]
   B/P2.2/b/incumbent-default/shipped/1                         1.44e+06 [1.44e+06, 1.44e+06] 3.028e+06 [3.028e+06, 3.028e+06] 1.2 [1.2, 1.2]
   B/P2.2/b/incumbent-default/shipped/16                        1.696e+06 [1.696e+06, 1.696e+06] 3.067e+06 [3.067e+06, 3.067e+06] 0.9547 [0.9547, 0.9547]
   B/P2.2/b/incumbent-default/shipped/8                         1.291e+06 [1.291e+06, 1.291e+06] 4.097e+06 [4.097e+06, 4.097e+06] 0.7939 [0.7939, 0.7939]
   B-callback/P2.2/a/incumbent-default/pinned/1                 1.301e+06 [1.301e+06, 1.301e+06] 2.517e+06 [2.517e+06, 2.517e+06] 0.828 [0.828, 0.828]
   B-callback/P2.2/a/incumbent-default/pinned/16                1.588e+06 [1.588e+06, 1.588e+06] 1.682e+06 [1.682e+06, 1.682e+06] 0.9668 [0.9668, 0.9668]
   B-callback/P2.2/a/incumbent-default/pinned/8                 1.449e+06 [1.449e+06, 1.449e+06] 2.407e+06 [2.407e+06, 2.407e+06] 0.9028 [0.9028, 0.9028]
   B-callback/P2.2/a/incumbent-default/shipped/1                1.404e+06 [1.404e+06, 1.404e+06] 2.565e+06 [2.565e+06, 2.565e+06] 1.019 [1.019, 1.019]
   B-callback/P2.2/a/incumbent-default/shipped/16               1.445e+06 [1.445e+06, 1.445e+06] 1.977e+06 [1.977e+06, 1.977e+06] 0.8232 [0.8232, 0.8232]
   B-callback/P2.2/a/incumbent-default/shipped/8                1.604e+06 [1.604e+06, 1.604e+06] 1.77e+06 [1.77e+06, 1.77e+06] 1.011 [1.011, 1.011]
   B-queue/P2.2/a/incumbent-default/pinned/1                    1.306e+06 [1.306e+06, 1.306e+06] 2.412e+06 [2.412e+06, 2.412e+06] 0.8308 [0.8308, 0.8308]
   B-queue/P2.2/a/incumbent-default/pinned/16                   1.556e+06 [1.556e+06, 1.556e+06] 2.361e+06 [2.361e+06, 2.361e+06] 0.9476 [0.9476, 0.9476]
   B-queue/P2.2/a/incumbent-default/pinned/8                    1.582e+06 [1.582e+06, 1.582e+06] 3.984e+06 [3.984e+06, 3.984e+06] 0.9853 [0.9853, 0.9853]
   B-queue/P2.2/a/incumbent-default/shipped/1                   1.232e+06 [1.232e+06, 1.232e+06] 4.178e+06 [4.178e+06, 4.178e+06] 0.8944 [0.8944, 0.8944]
   B-queue/P2.2/a/incumbent-default/shipped/16                  1.554e+06 [1.554e+06, 1.554e+06] 2.061e+06 [2.061e+06, 2.061e+06] 0.8854 [0.8854, 0.8854]
   B-queue/P2.2/a/incumbent-default/shipped/8                   1.41e+06 [1.41e+06, 1.41e+06] 3.125e+06 [3.125e+06, 3.125e+06] 0.8883 [0.8883, 0.8883]
   C-callback/P2.2/a/drop/pinned/1                              3.33e+06 [3.33e+06, 3.33e+06] 4.485e+06 [4.485e+06, 4.485e+06] 2.118 [2.118, 2.118]
   C-callback/P2.2/a/drop/pinned/16                             4.249e+06 [4.249e+06, 4.249e+06] 5.396e+06 [5.396e+06, 5.396e+06] 2.587 [2.587, 2.587]
   C-callback/P2.2/a/drop/pinned/8                              3.7e+06 [3.7e+06, 3.7e+06] 3.98e+06 [3.98e+06, 3.98e+06] 2.305 [2.305, 2.305]
   C-callback/P2.2/a/drop/shipped/1                             3.49e+06 [3.49e+06, 3.49e+06] 6.875e+06 [6.875e+06, 6.875e+06] 2.533 [2.533, 2.533]
   C-callback/P2.2/a/drop/shipped/16                            3.885e+06 [3.885e+06, 3.885e+06] 4.369e+06 [4.369e+06, 4.369e+06] 2.213 [2.213, 2.213]
   C-callback/P2.2/a/drop/shipped/8                             3.569e+06 [3.569e+06, 3.569e+06] 3.611e+06 [3.611e+06, 3.611e+06] 2.249 [2.249, 2.249]
   C-drop/P2.2/a/drop/pinned/1                                  3.546e+06 [3.546e+06, 3.546e+06] 5.629e+06 [5.629e+06, 5.629e+06] 2.256 [2.256, 2.256]
   C-drop/P2.2/a/drop/pinned/16                                 4.083e+06 [4.083e+06, 4.083e+06] 3.754e+06 [3.754e+06, 3.754e+06] 2.486 [2.486, 2.486]
   C-drop/P2.2/a/drop/pinned/8                                  3.652e+06 [3.652e+06, 3.652e+06] 3.553e+06 [3.553e+06, 3.553e+06] 2.275 [2.275, 2.275]
   C-drop/P2.2/a/drop/shipped/1                                 3.633e+06 [3.633e+06, 3.633e+06] 6.674e+06 [6.674e+06, 6.674e+06] 2.637 [2.637, 2.637]
   C-drop/P2.2/a/drop/shipped/16                                6.096e+06 [6.096e+06, 6.096e+06] 6.624e+06 [6.624e+06, 6.624e+06] 3.473 [3.473, 3.473]
   C-drop/P2.2/a/drop/shipped/8                                 4.493e+06 [4.493e+06, 4.493e+06] 4.423e+06 [4.423e+06, 4.423e+06] 2.831 [2.831, 2.831]
   C-drop/P2.2/a+read/drop/pinned/1                             7.038e+06 [7.038e+06, 7.038e+06] 1.003e+07 [1.003e+07, 1.003e+07] 0.6279 [0.6279, 0.6279]
   C-drop/P2.2/a+read/drop/pinned/16                            8.96e+06 [8.96e+06, 8.96e+06] 9.919e+06 [9.919e+06, 9.919e+06] 0.7982 [0.7982, 0.7982]
   C-drop/P2.2/a+read/drop/pinned/8                             8.165e+06 [8.165e+06, 8.165e+06] 9.2e+06 [9.2e+06, 9.2e+06] 0.7621 [0.7621, 0.7621]
   C-drop/P2.2/a+read/drop/shipped/1                            8.041e+06 [8.041e+06, 8.041e+06] 8.975e+06 [8.975e+06, 8.975e+06] 0.6293 [0.6293, 0.6293]
   C-drop/P2.2/a+read/drop/shipped/16                           8.075e+06 [8.075e+06, 8.075e+06] 8.067e+06 [8.067e+06, 8.067e+06] 0.6315 [0.6315, 0.6315]
   C-drop/P2.2/a+read/drop/shipped/8                            8.029e+06 [8.029e+06, 8.029e+06] 8.45e+06 [8.45e+06, 8.45e+06] 0.8233 [0.8233, 0.8233]
   C-drop/P2.2/b/drop/pinned/1                                  1.398e+06 [1.398e+06, 1.398e+06] 3.311e+06 [3.311e+06, 3.311e+06] 1.214 [1.214, 1.214]
   C-drop/P2.2/b/drop/pinned/16                                 1.977e+06 [1.977e+06, 1.977e+06] 6.406e+06 [6.406e+06, 6.406e+06] 1.202 [1.202, 1.202]
   C-drop/P2.2/b/drop/pinned/8                                  1.74e+06 [1.74e+06, 1.74e+06] 3.027e+06 [3.027e+06, 3.027e+06] 1.175 [1.175, 1.175]
   C-drop/P2.2/b/drop/shipped/1                                 1.745e+06 [1.745e+06, 1.745e+06] 3.636e+06 [3.636e+06, 3.636e+06] 1.454 [1.454, 1.454]
   C-drop/P2.2/b/drop/shipped/16                                1.928e+06 [1.928e+06, 1.928e+06] 3.301e+06 [3.301e+06, 3.301e+06] 1.085 [1.085, 1.085]
   C-drop/P2.2/b/drop/shipped/8                                 1.59e+06 [1.59e+06, 1.59e+06] 3.216e+06 [3.216e+06, 3.216e+06] 0.9774 [0.9774, 0.9774]
   C-queue/P2.2/a/drop/pinned/1                                 3.248e+06 [3.248e+06, 3.248e+06] 4.394e+06 [4.394e+06, 4.394e+06] 2.067 [2.067, 2.067]
   C-queue/P2.2/a/drop/pinned/16                                3.61e+06 [3.61e+06, 3.61e+06] 4.008e+06 [4.008e+06, 4.008e+06] 2.198 [2.198, 2.198]
   C-queue/P2.2/a/drop/pinned/8                                 3.581e+06 [3.581e+06, 3.581e+06] 4.663e+06 [4.663e+06, 4.663e+06] 2.231 [2.231, 2.231]
   C-queue/P2.2/a/drop/shipped/1                                3.173e+06 [3.173e+06, 3.173e+06] 8.59e+06 [8.59e+06, 8.59e+06] 2.304 [2.304, 2.304]
   C-queue/P2.2/a/drop/shipped/16                               3.8e+06 [3.8e+06, 3.8e+06] 4.914e+06 [4.914e+06, 4.914e+06] 2.165 [2.165, 2.165]
   C-queue/P2.2/a/drop/shipped/8                                3.63e+06 [3.63e+06, 3.63e+06] 4.37e+06 [4.37e+06, 4.37e+06] 2.287 [2.287, 2.287]
   C-retain/P2.2/a/retain/pinned/1                              3.236e+06 [3.236e+06, 3.236e+06] 5.879e+06 [5.879e+06, 5.879e+06] 2.059 [2.059, 2.059]
   C-retain/P2.2/a/retain/pinned/16                             4.099e+06 [4.099e+06, 4.099e+06] 4.383e+06 [4.383e+06, 4.383e+06] 2.496 [2.496, 2.496]
   C-retain/P2.2/a/retain/pinned/8                              3.519e+06 [3.519e+06, 3.519e+06] 3.374e+06 [3.374e+06, 3.374e+06] 2.192 [2.192, 2.192]
   C-retain/P2.2/a/retain/shipped/1                             3.191e+06 [3.191e+06, 3.191e+06] 4.429e+06 [4.429e+06, 4.429e+06] 2.317 [2.317, 2.317]
   C-retain/P2.2/a/retain/shipped/16                            5.754e+06 [5.754e+06, 5.754e+06] 6.112e+06 [6.112e+06, 6.112e+06] 3.278 [3.278, 3.278]
   C-retain/P2.2/a/retain/shipped/8                             3.694e+06 [3.694e+06, 3.694e+06] 3.873e+06 [3.873e+06, 3.873e+06] 2.328 [2.328, 2.328]
   C-retain/P2.2/a+read/retain/pinned/1                         7.832e+06 [7.832e+06, 7.832e+06] 1.294e+07 [1.294e+07, 1.294e+07] 0.6987 [0.6987, 0.6987]
   C-retain/P2.2/a+read/retain/pinned/16                        9.223e+06 [9.223e+06, 9.223e+06] 1.1e+07 [1.1e+07, 1.1e+07] 0.8216 [0.8216, 0.8216]
   C-retain/P2.2/a+read/retain/pinned/8                         8.411e+06 [8.411e+06, 8.411e+06] 9.687e+06 [9.687e+06, 9.687e+06] 0.7851 [0.7851, 0.7851]
   C-retain/P2.2/a+read/retain/shipped/1                        8.107e+06 [8.107e+06, 8.107e+06] 9.319e+06 [9.319e+06, 9.319e+06] 0.6345 [0.6345, 0.6345]
   C-retain/P2.2/a+read/retain/shipped/16                       8.381e+06 [8.381e+06, 8.381e+06] 9.679e+06 [9.679e+06, 9.679e+06] 0.6555 [0.6555, 0.6555]
   C-retain/P2.2/a+read/retain/shipped/8                        8.179e+06 [8.179e+06, 8.179e+06] 9.054e+06 [9.054e+06, 9.054e+06] 0.8386 [0.8386, 0.8386]
   C-retain/P2.2/b/retain/pinned/1                              1.262e+06 [1.262e+06, 1.262e+06] 3.214e+06 [3.214e+06, 3.214e+06] 1.097 [1.097, 1.097]
   C-retain/P2.2/b/retain/pinned/16                             2.648e+06 [2.648e+06, 2.648e+06] 7.428e+06 [7.428e+06, 7.428e+06] 1.609 [1.609, 1.609]
   C-retain/P2.2/b/retain/pinned/8                              1.724e+06 [1.724e+06, 1.724e+06] 2.869e+06 [2.869e+06, 2.869e+06] 1.164 [1.164, 1.164]
   C-retain/P2.2/b/retain/shipped/1                             1.862e+06 [1.862e+06, 1.862e+06] 3.246e+06 [3.246e+06, 3.246e+06] 1.552 [1.552, 1.552]
   C-retain/P2.2/b/retain/shipped/16                            2.288e+06 [2.288e+06, 2.288e+06] 3.838e+06 [3.838e+06, 3.838e+06] 1.288 [1.288, 1.288]
   C-retain/P2.2/b/retain/shipped/8                             1.738e+06 [1.738e+06, 1.738e+06] 4.485e+06 [4.485e+06, 4.485e+06] 1.069 [1.069, 1.069]
   D-drop/P2.2/a/drop/pinned/1                                  3.277e+06 [3.277e+06, 3.277e+06] 4.676e+06 [4.676e+06, 4.676e+06] 2.085 [2.085, 2.085]
   D-drop/P2.2/a/drop/pinned/16                                 3.981e+06 [3.981e+06, 3.981e+06] 4.469e+06 [4.469e+06, 4.469e+06] 2.423 [2.423, 2.423]
   D-drop/P2.2/a/drop/pinned/8                                  4.019e+06 [4.019e+06, 4.019e+06] 4.598e+06 [4.598e+06, 4.598e+06] 2.504 [2.504, 2.504]
   D-drop/P2.2/a/drop/shipped/1                                 3.007e+06 [3.007e+06, 3.007e+06] 5.897e+06 [5.897e+06, 5.897e+06] 2.183 [2.183, 2.183]
   D-drop/P2.2/a/drop/shipped/16                                3.724e+06 [3.724e+06, 3.724e+06] 4.341e+06 [4.341e+06, 4.341e+06] 2.122 [2.122, 2.122]
   D-drop/P2.2/a/drop/shipped/8                                 4.357e+06 [4.357e+06, 4.357e+06] 5.095e+06 [5.095e+06, 5.095e+06] 2.745 [2.745, 2.745]
   D-drop/P2.2/a+read/drop/pinned/1                             8.355e+06 [8.355e+06, 8.355e+06] 9.792e+06 [9.792e+06, 9.792e+06] 0.7453 [0.7453, 0.7453]
   D-drop/P2.2/a+read/drop/pinned/16                            1.094e+07 [1.094e+07, 1.094e+07] 1.29e+07 [1.29e+07, 1.29e+07] 0.9744 [0.9744, 0.9744]
   D-drop/P2.2/a+read/drop/pinned/8                             8.558e+06 [8.558e+06, 8.558e+06] 9.054e+06 [9.054e+06, 9.054e+06] 0.7988 [0.7988, 0.7988]
   D-drop/P2.2/a+read/drop/shipped/1                            7.693e+06 [7.693e+06, 7.693e+06] 8.971e+06 [8.971e+06, 8.971e+06] 0.602 [0.602, 0.602]
   D-drop/P2.2/a+read/drop/shipped/16                           8.497e+06 [8.497e+06, 8.497e+06] 9.945e+06 [9.945e+06, 9.945e+06] 0.6645 [0.6645, 0.6645]
   D-drop/P2.2/a+read/drop/shipped/8                            8.755e+06 [8.755e+06, 8.755e+06] 9.623e+06 [9.623e+06, 9.623e+06] 0.8977 [0.8977, 0.8977]
   D-drop/P2.2/b/drop/pinned/1                                  1.358e+06 [1.358e+06, 1.358e+06] 4.158e+06 [4.158e+06, 4.158e+06] 1.18 [1.18, 1.18]
   D-drop/P2.2/b/drop/pinned/16                                 1.977e+06 [1.977e+06, 1.977e+06] 4.432e+06 [4.432e+06, 4.432e+06] 1.202 [1.202, 1.202]
   D-drop/P2.2/b/drop/pinned/8                                  1.664e+06 [1.664e+06, 1.664e+06] 3.907e+06 [3.907e+06, 3.907e+06] 1.123 [1.123, 1.123]
   D-drop/P2.2/b/drop/shipped/1                                 1.467e+06 [1.467e+06, 1.467e+06] 4.098e+06 [4.098e+06, 4.098e+06] 1.223 [1.223, 1.223]
   D-drop/P2.2/b/drop/shipped/16                                1.762e+06 [1.762e+06, 1.762e+06] 3.482e+06 [3.482e+06, 3.482e+06] 0.9919 [0.9919, 0.9919]
   D-drop/P2.2/b/drop/shipped/8                                 1.938e+06 [1.938e+06, 1.938e+06] 3.141e+06 [3.141e+06, 3.141e+06] 1.192 [1.192, 1.192]
   D-retain/P2.2/a/retain/pinned/1                              3.149e+06 [3.149e+06, 3.149e+06] 4.527e+06 [4.527e+06, 4.527e+06] 2.003 [2.003, 2.003]
   D-retain/P2.2/a/retain/pinned/16                             4.204e+06 [4.204e+06, 4.204e+06] 4.251e+06 [4.251e+06, 4.251e+06] 2.56 [2.56, 2.56]
   D-retain/P2.2/a/retain/pinned/8                              3.542e+06 [3.542e+06, 3.542e+06] 3.926e+06 [3.926e+06, 3.926e+06] 2.207 [2.207, 2.207]
   D-retain/P2.2/a/retain/shipped/1                             3.499e+06 [3.499e+06, 3.499e+06] 4.944e+06 [4.944e+06, 4.944e+06] 2.54 [2.54, 2.54]
   D-retain/P2.2/a/retain/shipped/16                            3.907e+06 [3.907e+06, 3.907e+06] 4.174e+06 [4.174e+06, 4.174e+06] 2.226 [2.226, 2.226]
   D-retain/P2.2/a/retain/shipped/8                             5.346e+06 [5.346e+06, 5.346e+06] 5.752e+06 [5.752e+06, 5.752e+06] 3.369 [3.369, 3.369]
   D-retain/P2.2/a+read/retain/pinned/1                         8.433e+06 [8.433e+06, 8.433e+06] 1.093e+07 [1.093e+07, 1.093e+07] 0.7523 [0.7523, 0.7523]
   D-retain/P2.2/a+read/retain/pinned/16                        9.598e+06 [9.598e+06, 9.598e+06] 1.074e+07 [1.074e+07, 1.074e+07] 0.855 [0.855, 0.855]
   D-retain/P2.2/a+read/retain/pinned/8                         8.46e+06 [8.46e+06, 8.46e+06] 1.034e+07 [1.034e+07, 1.034e+07] 0.7897 [0.7897, 0.7897]
   D-retain/P2.2/a+read/retain/shipped/1                        7.927e+06 [7.927e+06, 7.927e+06] 9.033e+06 [9.033e+06, 9.033e+06] 0.6204 [0.6204, 0.6204]
   D-retain/P2.2/a+read/retain/shipped/16                       8.856e+06 [8.856e+06, 8.856e+06] 1.018e+07 [1.018e+07, 1.018e+07] 0.6925 [0.6925, 0.6925]
   D-retain/P2.2/a+read/retain/shipped/8                        7.9e+06 [7.9e+06, 7.9e+06] 8.611e+06 [8.611e+06, 8.611e+06] 0.81 [0.81, 0.81]
   D-retain/P2.2/b/retain/pinned/1                              1.495e+06 [1.495e+06, 1.495e+06] 3.949e+06 [3.949e+06, 3.949e+06] 1.299 [1.299, 1.299]
   D-retain/P2.2/b/retain/pinned/16                             2.041e+06 [2.041e+06, 2.041e+06] 3.134e+06 [3.134e+06, 3.134e+06] 1.241 [1.241, 1.241]
   D-retain/P2.2/b/retain/pinned/8                              1.795e+06 [1.795e+06, 1.795e+06] 3.696e+06 [3.696e+06, 3.696e+06] 1.212 [1.212, 1.212]
   D-retain/P2.2/b/retain/shipped/1                             1.453e+06 [1.453e+06, 1.453e+06] 3.112e+06 [3.112e+06, 3.112e+06] 1.211 [1.211, 1.211]
   D-retain/P2.2/b/retain/shipped/16                            2.026e+06 [2.026e+06, 2.026e+06] 3.327e+06 [3.327e+06, 3.327e+06] 1.141 [1.141, 1.141]
   D-retain/P2.2/b/retain/shipped/8                             1.96e+06 [1.96e+06, 1.96e+06] 3.519e+06 [3.519e+06, 3.519e+06] 1.205 [1.205, 1.205]

## calib: median [min, max] over all rounds and launches
   key                                                          cpu ns/iter                wall ns/iter               per-round ratio to the baseline (cpu)
   crossing-forward                                             2.084 [2.084, 2.084]       2.069 [2.069, 2.069]       -
   crossing-fwd+reverse                                         2.805 [2.805, 2.805]       2.807 [2.807, 2.807]       -
