# CONTAINER INSTRUMENTATION: median microseconds per operation (process CPU), absolute; columns up to ffi-zc-retain are the full build's process, the last six the no-unknown build's
input        dir          variant                        prost   armonik native-drop native-retain  ffi-drop ffi-retain pull-drop pull-retain ffi-zc-drop ffi-zc-retain prost@nounk armonik@nounk native-nounk ffi-nounk pull-nounk ffi-zc-nounk
P1.1         encode       reused-buffer/hot               1.43      1.47        0.19          0.22      0.29       0.29                                                        1.52          1.60         0.19      0.27                        
P1.1         encode       reused-buffer/pool              1.51      1.56        0.21          0.24      0.32       0.35                                                        1.60          1.63         0.21      0.30                        
P1.1         encode       transport-ready/hot             1.48      1.52        0.22          0.25      0.31       0.34                                                        1.60          1.63         0.21      0.31                        
P1.1         encode       transport-ready/pool            1.57      1.71        0.23          0.26      0.34       0.36                                                        1.64          1.79         0.22      0.33                        
P1.1         decode       -                               1.46      1.78        1.45          1.38      1.50       1.49      1.45        1.54                                  1.47          1.32         1.03      1.04       1.04             
P1.1         decode-read  -                               1.54      1.78        1.52          1.50      1.55       1.56      1.52        1.59                                  1.53          1.42         1.11      1.11       1.10             
P1.2         encode       reused-buffer/hot             370.83    388.41       56.15         65.15     87.09      89.50                                                      403.09        416.34        51.41     85.93                        
P1.2         encode       reused-buffer/pool            404.14    421.29       56.51         99.81     96.13      99.56                                                      435.01        446.11        53.57    105.32                        
P1.2         encode       transport-ready/hot           379.77    398.44       63.70         80.36     93.40      98.21                                                      408.24        441.89        57.45     90.05                        
P1.2         encode       transport-ready/pool          410.93    426.84       61.54         74.68    112.52     105.86                                                      441.20        455.00        59.52    130.58                        
P1.2         decode       -                             522.32    482.95      422.84        415.62    427.10     434.57    463.18      442.46                                513.73        465.86       409.79    398.62     390.07             
P1.2         decode-read  -                             536.06    502.95      437.52        437.01    448.64     442.34    458.50      742.08                                538.49        484.45       432.27    418.44     413.79             
P1.2/latin1  encode       reused-buffer/hot             366.64    385.09       52.73         60.43     87.58      90.88                                                      398.96        408.98        50.62     83.15                        
P1.2/latin1  encode       reused-buffer/pool            408.72    433.43       59.20         63.49    100.62     101.93                                                      440.79        455.62        56.90     91.47                        
P1.2/latin1  encode       transport-ready/hot           375.17    392.79       62.04         71.09    104.81     101.79                                                      434.16        418.78        61.23     96.33                        
P1.2/latin1  encode       transport-ready/pool          420.77    434.41       68.78         74.08    113.65     114.48                                                      450.88        471.92        67.22    104.29                        
P1.2/latin1  decode       -                             831.56    671.85      454.00        455.50    463.17     457.94    482.84      476.13                                728.58        684.53       423.47    433.49     429.55             
P1.2/latin1  decode-read  -                             740.03    698.14      651.08        473.95    500.77     512.26    521.97      545.16                                756.33        710.59       442.35    446.33     455.25             
P1.2/wide    encode       reused-buffer/hot             365.85    380.75       57.23         61.29     91.09      97.41                                                      398.07        412.20        56.85     85.75                        
P1.2/wide    encode       reused-buffer/pool            400.83    431.59       63.87         68.41    160.87     107.33                                                      445.67        444.94        62.60    144.63                        
P1.2/wide    encode       transport-ready/hot           374.43    391.25       74.14         78.48    110.88     111.00                                                      405.51        423.74        72.33    105.78                        
P1.2/wide    encode       transport-ready/pool          408.85    435.56       81.52         86.28    152.34     171.08                                                      444.79        460.27        81.76    174.52                        
P1.2/wide    decode       -                            1044.74   1096.47      473.29        474.01    503.90     466.65    485.77      839.59                                871.81        888.05       439.82    440.62     445.93             
P1.2/wide    decode-read  -                            1069.49   1093.19      514.93        487.35    512.32     501.59    498.52      504.09                                877.64        878.49       459.86    459.44     459.03             
P1.3         encode       reused-buffer/hot               7.75      9.50        2.34          2.97      3.74       4.08                                                        7.26          9.18         1.91      3.86                        
P1.3         encode       reused-buffer/pool              8.96     10.79        3.32          3.25      5.79       5.79                                                        8.81         10.13         2.69      5.04                        
P1.3         encode       transport-ready/hot             8.81     11.31        2.43          3.73      3.79       4.07                                                        8.27         11.01         1.95      3.93                        
P1.3         encode       transport-ready/pool           10.01     12.73        2.99          3.33      6.18       5.80                                                        9.83         12.35         3.09      5.02                        
P1.3         decode       -                              12.17     18.58       16.27         16.28     17.21      16.75     17.05       16.62                                 11.64         12.53        10.38     13.33      13.36             
P1.3         decode-read  -                              14.36     20.46       18.69         18.66     19.25      18.93     19.44       19.10                                 14.00         14.57        12.55     15.46      15.42             
P2.1         encode       reused-buffer/hot               1.64      1.65        0.26          0.31      0.47       0.47                                                        1.78          1.79         0.25      0.45                        
P2.1         encode       reused-buffer/pool              1.82      1.74        0.27          0.33      0.53       0.50                                                        1.98          1.91         0.26      0.48                        
P2.1         encode       transport-ready/hot             1.72      1.73        0.31          0.36      0.54       0.55                                                        1.86          1.89         0.31      0.54                        
P2.1         encode       transport-ready/pool            1.89      1.95        0.35          0.41      0.60       0.62                                                        2.00          2.08         0.35      0.56                        
P2.1         decode       -                               2.39      2.53        2.13          1.85      2.73       2.72      2.71        2.80                                  2.64          2.57         1.85      2.54       2.58             
P2.1         decode-read  -                               2.58      2.70        2.25          2.29      2.84       2.83      2.79        2.83                                  2.74          2.62         2.02      2.81       2.70             
P2.2         encode       reused-buffer/hot            1062.64   1061.39      167.89        196.06    282.73     294.94                                                     1151.75       1139.99       175.32    276.94                        
P2.2         encode       reused-buffer/pool           1168.65   1213.05      259.02        297.87    373.34     412.98                                                     1262.33       1283.11       264.10    384.23                        
P2.2         encode       transport-ready/hot          1081.14   1090.25      197.22        225.56    308.43     326.86                                                     1207.75       1247.57       196.58    301.06                        
P2.2         encode       transport-ready/pool         1305.07   1238.26      281.91        295.53    410.31     426.99                                                     1328.05       1294.50       288.27    417.95                        
P2.2         decode       -                            1792.61   1830.28     1704.64       1634.36   1879.30    1938.47   1767.50     1809.47                               1743.04       1693.99      1560.72   1733.36    1636.65             
P2.2         decode-read  -                            1862.96   1884.66     1826.18       1691.20   1906.55    1914.33   1842.70     1830.44                               1807.49       1762.60      1630.71   1748.74    1781.69             
P2.2/latin1  encode       reused-buffer/hot            1057.08   1069.24      194.85        215.93    304.50     325.30                                                     1142.45       1137.61       192.44    297.57                        
P2.2/latin1  encode       reused-buffer/pool           1194.81   1229.00      294.30        559.79    426.70     435.08                                                     1342.18       1382.18       289.94    429.00                        
P2.2/latin1  encode       transport-ready/hot          1086.67   1130.33      255.70        278.75    376.43     376.38                                                     1221.04       1301.24       258.50    362.41                        
P2.2/latin1  encode       transport-ready/pool         1275.49   1276.43      391.61        370.08    494.17     510.70                                                     1353.11       1340.24       352.75    484.63                        
P2.2/latin1  decode       -                            2379.27   2417.43     1681.43       1735.94   1947.50    1947.02   2065.73     1993.57                               2352.34       2274.88      1573.25   1756.50    1771.48             
P2.2/latin1  decode-read  -                            2506.74   2539.37     1797.90       1806.71   2066.61    2013.73   2091.36     2151.36                               2436.54       2473.30      1650.02   1831.79    1829.95             
P2.2/wide    encode       reused-buffer/hot            1060.18   1071.60      217.87        237.06    304.14     314.86                                                     1154.77       1163.00       211.20    303.79                        
P2.2/wide    encode       reused-buffer/pool           1228.07   1269.88      360.56        378.43    486.24     501.44                                                     1389.94       1422.99       347.48    461.87                        
P2.2/wide    encode       transport-ready/hot          1096.90   1156.38      314.45        337.69    410.96     414.43                                                     1213.63       1228.65       314.67    412.87                        
P2.2/wide    encode       transport-ready/pool         1336.02   1318.81      446.70        461.97    594.17     585.87                                                     1367.35       1377.13       443.11    590.66                        
P2.2/wide    decode       -                            3048.13   3174.41     1809.15       1868.55   2058.16    2226.51   2018.87     2038.46                               2737.40       2759.19      1657.44   1957.14    1913.92             
P2.2/wide    decode-read  -                            3128.36   3322.59     1997.72       1918.67   2295.53    2161.49   2157.09     2139.42                               2848.50       2865.74      1778.75   2032.29    2073.87             
P2.3         encode       reused-buffer/hot             550.79    553.95       98.69        107.31    192.54     183.01                                                      601.16        587.88        98.73    179.48                        
P2.3         encode       reused-buffer/pool            696.10    695.89      112.13        126.44    221.76     230.27                                                      738.57        731.15       118.16    276.40                        
P2.3         encode       transport-ready/hot           571.75    590.37      130.92        140.11    226.56     226.88                                                      633.50        610.70       136.46    211.46                        
P2.3         encode       transport-ready/pool          717.49    715.56      227.23        222.79    306.22     319.28                                                      801.35        744.53       191.19    312.22                        
P2.3         decode       -                            1575.36   1599.05     1549.88       1522.15   1297.71    1282.15   1178.47     1181.39                               1554.59       1567.84      1537.68   1123.96    1188.02             
P2.3         decode-read  -                            1646.46   1706.04     1587.22       1585.45   1276.76    1234.78   1230.82     1234.69                               1629.54       1627.57      1539.49   1182.43    1144.48             
P2.4         encode       reused-buffer/hot             666.82    674.31      164.12        162.21    276.71     272.18                                                      719.97        736.60       154.48    264.71                        
P2.4         encode       reused-buffer/pool            808.53    843.68      221.55        252.95    380.55     387.36                                                      842.66        845.91       246.23    369.09                        
P2.4         encode       transport-ready/hot           696.85    704.63      230.68        227.04    349.13     337.65                                                      749.69        742.86       224.02    335.79                        
P2.4         encode       transport-ready/pool          836.25    825.57      320.39        326.79    444.00     435.34                                                      897.73        915.17       307.91    440.69                        
P2.4         decode       -                            2100.45   2121.35     1968.83       1954.72   1753.73    1718.34   1834.40     1785.23                               2027.84       2213.78      1908.24   1619.00    1708.69             
P2.4         decode-read  -                            2194.73   2243.46     2101.22       2506.93   1882.19    1887.45   1953.83     1895.46                               2123.53       2261.36      1979.84   1686.20    1765.45             
P2.4/latin1  encode       reused-buffer/hot             665.09    671.60      254.41        293.59    390.43     361.59                                                      709.66        711.41       256.25    354.03                        
P2.4/latin1  encode       reused-buffer/pool            857.21    859.20      348.23        362.84    508.24     496.88                                                      897.99        889.83       360.66    496.23                        
P2.4/latin1  encode       transport-ready/hot           707.52    689.71      428.87        407.75    514.15     503.50                                                      745.68        744.19       407.95    509.26                        
P2.4/latin1  encode       transport-ready/pool          885.54    895.46      504.79        510.19    632.45     627.80                                                      948.89        928.59       524.17    653.43                        
P2.4/latin1  decode       -                            3186.11   3276.68     2362.81       2067.32   2002.76    1959.62   2132.83     2104.42                               3306.05       3231.85      2117.18   1871.50    1989.09             
P2.4/latin1  decode-read  -                            3277.48   3419.60     2216.20       2193.77   2080.16    2263.18   2186.73     2259.17                               3303.18       3327.61      2156.71   1962.22    2126.41             
P2.4/wide    encode       reused-buffer/hot             667.81    671.14      353.73        361.00    439.19     408.25                                                      729.26        708.40       354.96    436.04                        
P2.4/wide    encode       reused-buffer/pool            991.12    958.34      501.06        521.77    673.79     671.62                                                      999.87       1002.82       490.44    663.52                        
P2.4/wide    encode       transport-ready/hot           694.41    691.78      579.36        581.60    643.69     643.70                                                      757.47        739.38       590.90    657.13                        
P2.4/wide    encode       transport-ready/pool          998.89    981.48      779.51        723.50    979.16     921.97                                                     1047.26       1020.71       718.87    891.80                        
P2.4/wide    decode       -                            4824.01   5164.60     2057.41       2053.89   2057.64    2126.63   2052.73     2045.86                               3973.68       4193.73      1992.05   1897.92    2070.58             
P2.4/wide    decode-read  -                            5039.02   5063.99     2179.98       2231.27   2134.86    2142.58   2232.57     2191.52                               4200.69       4178.28      2191.56   2020.49    2121.73             
P2.5         encode       reused-buffer/hot              31.93     31.97        4.71          5.42      8.43       8.61                                                       34.43         36.45         4.61      8.34                        
P2.5         encode       reused-buffer/pool             36.85     36.11        5.28          5.89      9.59       9.90                                                       39.64         39.64         5.21      9.52                        
P2.5         encode       transport-ready/hot            33.18     33.40        5.15          5.94      9.00       9.35                                                       35.72         35.75         5.02      8.89                        
P2.5         encode       transport-ready/pool           37.88     36.17        5.64          6.52     10.57      10.48                                                       40.75         40.52         5.54      9.80                        
P2.5         decode       -                              58.86     59.08       49.84         49.91     59.32      58.38     55.85       56.19                                 63.93         60.43        48.54     55.03      56.29             
P2.5         decode-read  -                              61.31     63.45       57.40         50.78     61.56      61.48     61.04       58.46                                 64.05         63.54        51.10     57.16      57.35             
P3.1         encode       reused-buffer/hot              25.30     26.21        4.08          4.50      6.18       7.13                                                       27.47         27.48         3.40      6.02                        
P3.1         encode       reused-buffer/pool             27.71     28.99        4.15          4.66      6.88       7.33                                                       30.23         30.28         3.66      6.41                        
P3.1         encode       transport-ready/hot            26.13     27.72        4.27          4.73      6.74       7.09                                                       28.17         28.90         3.66      6.45                        
P3.1         encode       transport-ready/pool           28.66     30.43        4.36          4.94      7.02       7.94                                                       31.03         31.88         3.93      6.91                        
P3.1         decode       -                              38.23     36.95       26.81         26.56     28.86      29.16     29.34       28.93                                 38.81         37.29        26.88     26.87      27.11             
P3.1         decode-read  -                              40.00     39.71       28.55         28.69     31.25      31.39     33.65       31.08                                 41.20         38.27        28.87     28.63      28.91             
P4.1         encode       reused-buffer/hot             161.68    164.02       24.63         25.99     46.13      44.12                                                      178.71        175.58        22.78     42.83                        
P4.1         encode       reused-buffer/pool            176.88    198.37       28.79         27.97     48.99      48.08                                                      194.28        211.32        33.04     46.60                        
P4.1         encode       transport-ready/hot           168.51    168.67       25.56         27.94     46.41      45.94                                                      183.18        183.66        24.42     44.83                        
P4.1         encode       transport-ready/pool          205.32    208.19       27.68         30.30     51.81      50.56                                                      217.81        235.78        27.74     47.37                        
P4.1         decode       -                             331.42    334.63      288.55        295.37    303.74     340.50    304.48      291.78                                326.59        328.87       297.28    311.65     280.50             
P4.1         decode-read  -                             341.39    353.82      355.22        444.26    332.11     318.79    322.57      298.47                                336.71        339.43       308.52    302.54     291.77             
P5.1         encode       reused-buffer/hot               0.08      0.08        0.02          0.02      0.03       0.03                                                        0.08          0.09         0.02      0.03                        
P5.1         encode       reused-buffer/pool              0.08      0.08        0.02          0.02      0.04       0.04                                                        0.09          0.09         0.02      0.04                        
P5.1         encode       transport-ready/hot             0.09      0.09        0.04          0.04      0.06       0.06                                                        0.10          0.10         0.04      0.06                        
P5.1         encode       transport-ready/pool            0.09      0.10        0.04          0.04      0.06       0.07                                                        0.10          0.11         0.04      0.06                        
P5.1         decode       -                               0.12      0.10        0.11          0.11      0.12       0.12      0.12        0.13        0.10          0.11        0.13          0.11         0.11      0.11       0.12         0.09
P5.1         decode-read  -                               0.13      0.11        0.11          0.11      0.12       0.13      0.13        0.14        0.10          0.11        0.13          0.11         0.11      0.11       0.12         0.09
P5.2         encode       reused-buffer/hot               1.91      1.85        1.86          1.81      1.78       1.81                                                        1.91          1.83         1.74      1.78                        
P5.2         encode       reused-buffer/pool              3.06      1.84        1.75          1.88      1.78       1.78                                                        3.13          1.84         1.83      1.81                        
P5.2         encode       transport-ready/hot             1.85      1.86        3.58          3.57      3.58       3.57                                                        1.85          1.88         3.58      3.64                        
P5.2         encode       transport-ready/pool            3.20      1.88        3.63          3.54      3.63       3.66                                                        3.17          1.88         3.57      3.66                        
P5.2         decode       -                               1.89      0.12        1.95          1.94      1.96       1.97      1.95        2.00        0.09          0.10        1.95          0.12         1.87      1.99       2.02         0.08
P5.2         decode-read  -                               1.90      0.12        1.86          1.96      1.97       1.92      1.91        1.93        0.09          0.10        2.01          0.12         1.90      1.98       2.02         0.09
P5.3         encode       reused-buffer/hot              44.37     40.88       38.28         40.74     47.01      41.56                                                       44.86         46.33        42.27     44.97                        
P5.3         encode       reused-buffer/pool             60.79     43.62       48.95         38.66     40.60      43.45                                                       59.32         40.11        43.81     43.84                        
P5.3         encode       transport-ready/hot            53.60     54.29      110.80        114.76    116.06     113.06                                                       57.39         58.08       111.43    114.71                        
P5.3         encode       transport-ready/pool           80.49     54.21      110.16        100.87    137.76     111.54                                                       83.80         59.38       122.26    112.44                        
P5.3         decode       -                              43.38      0.12       45.27         46.02     45.78      45.10     43.62       43.30        0.09          0.10       43.76          0.12        45.76     46.39      44.82         0.08
P5.3         decode-read  -                              43.73      0.12       43.34         42.74     44.46      44.32     43.74       47.59        0.09          0.10       45.10          0.12        45.49     46.15      45.81         0.09
P5.4         encode       reused-buffer/hot             311.75    314.31      318.21        315.17    315.34     331.64                                                      318.69        316.97       323.49    321.76                        
P5.4         encode       reused-buffer/pool            415.12    316.04      315.97        321.22    320.22     317.94                                                      417.62        316.62       317.02    299.96                        
P5.4         encode       transport-ready/hot           325.01    332.62      663.64        642.53    655.91     670.45                                                      322.84        322.48       643.19    651.66                        
P5.4         encode       transport-ready/pool          420.75    324.66      657.01        668.27    655.60     646.97                                                      417.69        316.31       645.51    649.28                        
P5.4         decode       -                             331.74      0.12      311.22        325.57    334.14     313.21    311.12      329.23        0.08          0.10      316.46          0.12       317.57    326.24     325.64         0.08
P5.4         decode-read  -                             325.00      0.12      335.20        321.39    334.20     333.26    322.69      320.53        0.09          0.10      328.29          0.13       327.88    329.23     294.45         0.09
P6.1         encode       reused-buffer/hot             465.73    476.76       56.30         69.90     67.15      68.85                                                      522.03        562.58        62.09     60.20                        
P6.1         encode       reused-buffer/pool            478.21    498.35       58.54         71.46     71.18      77.26                                                      529.65        543.11        63.27     62.36                        
P6.1         encode       transport-ready/hot           483.92    495.31       60.31         71.94     70.73      72.28                                                      531.22        583.00        66.39     64.21                        
P6.1         encode       transport-ready/pool          490.51    505.52       61.01         74.89     77.15      77.05                                                      542.61        568.08        66.63     66.18                        
P6.1         decode       -                             316.87    318.37      137.01        133.10    177.41     176.31    184.10      179.58                                298.16        293.52       132.49    169.85     184.69             
P6.1         decode-read  -                             348.23    361.77      161.08        160.99    204.78     208.82    208.15      355.16                                322.87        320.81       160.40    195.63     212.53             
P7.1         decode       -                               0.42      0.40        0.29          0.29      0.35       0.36      0.35        0.36                                  0.39          0.50         0.29      0.36       0.35             
P7.1         decode-read  -                               0.44      0.42        0.32          0.30      0.37       0.37      0.37        0.39                                  0.42          0.40         0.32      0.38       0.37             
