# CONTAINER INSTRUMENTATION: median microseconds per operation (process CPU), absolute; columns up to ffi-zc-retain are the full build's process, the last six the no-unknown build's
input        dir          variant                        prost   armonik native-drop native-retain  ffi-drop ffi-retain pull-drop pull-retain ffi-zc-drop ffi-zc-retain prost@nounk armonik@nounk native-nounk ffi-nounk pull-nounk ffi-zc-nounk
P1.1         encode       reused-buffer/hot               1.50      1.54        0.26          0.34      0.44       0.46                                                        1.58          1.87         0.26      0.43                        
P1.1         encode       reused-buffer/pool              1.59      1.65        0.27          0.31      0.46       0.47                                                        1.67          1.68         0.27      0.44                        
P1.1         encode       transport-ready/hot             1.57      1.60        0.30          0.34      0.46       0.50                                                        1.63          1.67         0.29      0.48                        
P1.1         encode       transport-ready/pool            1.62      1.74        0.32          0.34      0.50       0.50                                                        1.78          1.77         0.31      0.48                        
P1.1         decode       -                               1.50      1.75        1.50          1.48      2.10       2.10      2.13        2.15                                  1.53          1.36         1.02      1.63       1.65             
P1.1         decode-read  -                               1.57      1.81        1.59          1.57      2.19       2.19      2.22        2.26                                  1.58          1.43         1.11      1.69       1.68             
P1.2         encode       reused-buffer/hot             394.37    413.12       72.77         86.11    127.25     131.83                                                      414.03        429.95        74.80    130.18                        
P1.2         encode       reused-buffer/pool            431.75    443.71       75.41         88.78    132.23     139.18                                                      447.37        458.12        78.41    140.18                        
P1.2         encode       transport-ready/hot           403.03    414.73       79.28         90.35    133.69     141.41                                                      420.59        436.21        79.61    134.66                        
P1.2         encode       transport-ready/pool          435.80    466.37       82.09         94.63    142.61     150.51                                                      455.81        470.04        86.24    163.41                        
P1.2         decode       -                             535.53    496.03      432.19        421.51    564.38     564.53    580.23      582.06                                530.57        481.47       413.08    549.48     557.03             
P1.2         decode-read  -                             558.07    506.88      455.00        443.89    604.47     586.86    603.22      614.07                                565.03        506.08       430.07    558.55     574.45             
P1.2/latin1  encode       reused-buffer/hot             394.23    413.39       76.29         84.77    125.80     129.90                                                      407.09        429.30        79.00    125.84                        
P1.2/latin1  encode       reused-buffer/pool            427.28    458.15       84.14         91.17    151.28     148.88                                                      445.11        481.87        83.52    135.38                        
P1.2/latin1  encode       transport-ready/hot           401.52    422.33       88.63         94.77    139.04     144.40                                                      418.95        431.45        89.03    138.03                        
P1.2/latin1  encode       transport-ready/pool          442.45    459.05       94.19        105.86    153.77     174.11                                                      461.00        480.96        93.26    159.84                        
P1.2/latin1  decode       -                             722.42    682.09      597.00        588.06    838.74     832.60    862.98      848.14                                700.75        656.62       558.84    789.95     812.75             
P1.2/latin1  decode-read  -                             742.20    697.88      637.00        625.83    860.04     888.23    877.54      885.07                                737.74        682.00       580.01    816.95     837.62             
P1.2/wide    encode       reused-buffer/hot             387.44    401.59       80.53         87.95    137.47     132.86                                                      404.77        419.70        81.83    127.53                        
P1.2/wide    encode       reused-buffer/pool            430.09    452.09       88.71         98.57    183.38     165.56                                                      456.41        464.20        89.11    145.85                        
P1.2/wide    encode       transport-ready/hot           399.04    409.08      100.42        106.91    152.25     153.92                                                      415.50        441.24        99.05    148.79                        
P1.2/wide    encode       transport-ready/pool          437.35    462.20      112.43        117.60    219.28     217.30                                                      485.59        474.89       107.19    165.59                        
P1.2/wide    decode       -                             856.40    910.49      721.40        713.07   1112.99    1120.84   1147.51     1152.07                                841.72        858.98       700.00   1078.09    1092.31             
P1.2/wide    decode-read  -                             873.98    924.12      749.13        734.33   1141.19    1132.42   1172.89     1159.81                                868.16        881.16       695.65   1084.51    1174.56             
P1.3         encode       reused-buffer/hot               7.74      9.21        2.11          3.04      5.90       6.65                                                        7.62          9.84         1.98      5.56                        
P1.3         encode       reused-buffer/pool              9.53     10.83        3.37          4.06      7.07       7.67                                                        9.32         10.25         3.24      6.56                        
P1.3         encode       transport-ready/hot             8.71     11.04        2.26          3.18      6.00       6.66                                                        8.73         10.70         2.07      5.66                        
P1.3         encode       transport-ready/pool           10.70     12.81        3.71          4.01      7.11       7.68                                                       10.49         11.80         3.11      6.58                        
P1.3         decode       -                              11.76     18.03       16.13         16.06     21.04      21.15     22.20       22.47                                 11.98         12.44        10.50     16.13      17.06             
P1.3         decode-read  -                              13.92     20.23       18.86         18.58     23.37      23.51     24.68       24.79                                 14.09         14.56        12.67     18.28      18.88             
P2.1         encode       reused-buffer/hot               1.73      1.75        0.36          0.43      0.69       0.74                                                        1.79          1.80         0.36      0.73                        
P2.1         encode       reused-buffer/pool              1.96      1.97        0.37          0.43      0.74       0.80                                                        2.06          1.99         0.36      0.76                        
P2.1         encode       transport-ready/hot             1.82      1.80        0.42          0.50      0.77       0.84                                                        1.94          1.90         0.42      0.80                        
P2.1         encode       transport-ready/pool            2.06      1.95        0.46          0.53      0.86       0.94                                                        1.98          2.06         0.45      0.88                        
P2.1         decode       -                               2.62      2.53        2.23          2.04      3.72       3.88      3.70        3.77                                  2.62          2.58         1.95      3.71       3.76             
P2.1         decode-read  -                               2.73      2.71        2.32          2.29      3.86       4.09      3.82        3.90                                  2.77          2.68         2.21      3.83       3.85             
P2.2         encode       reused-buffer/hot            1122.63   1132.50      246.78        282.39    432.60     445.78                                                     1165.79       1166.82       244.89    436.52                        
P2.2         encode       reused-buffer/pool           1243.80   1248.88      343.28        383.00    556.71     555.17                                                     1294.61       1390.78       326.63    551.95                        
P2.2         encode       transport-ready/hot          1152.80   1171.46      274.97        293.93    450.91     481.29                                                     1206.53       1218.04       266.27    464.69                        
P2.2         encode       transport-ready/pool         1292.20   1297.50      381.69        410.37    585.20     587.08                                                     1328.06       1374.62       363.65    567.86                        
P2.2         decode       -                            1843.75   1803.23     1593.12       1633.69   2401.82    2412.01   2256.73     2222.99                               1873.92       1730.84      1535.31   2314.24    2201.72             
P2.2         decode-read  -                            1923.57   1879.24     1766.47       1693.95   2411.10    2535.26   2372.08     2299.79                               1885.52       1745.80      1590.37   2359.89    2216.01             
P2.2/latin1  encode       reused-buffer/hot            1122.91   1173.02      268.23        280.80    458.87     461.33                                                     1169.52       1193.71       256.92    443.18                        
P2.2/latin1  encode       reused-buffer/pool           1293.46   1301.24      374.41        387.59    589.69     600.45                                                     1329.61       1319.13       360.66    564.79                        
P2.2/latin1  encode       transport-ready/hot          1160.17   1191.38      322.92        345.32    507.18     531.92                                                     1245.72       1217.78       323.35    507.74                        
P2.2/latin1  encode       transport-ready/pool         1321.00   1384.98      439.72        439.13    662.93     647.35                                                     1406.27       1391.77       418.50    624.61                        
P2.2/latin1  decode       -                            2334.29   2385.63     1934.54       1955.30   3326.44    3224.84   3019.43     3030.81                               2351.11       2272.44      1837.06   2990.27    2837.02             
P2.2/latin1  decode-read  -                            2440.73   2547.62     2080.68       2096.45   3413.52    3238.94   3043.51     3198.56                               2283.82       2341.98      1891.52   3074.22    2882.17             
P2.2/wide    encode       reused-buffer/hot            1128.30   1114.47      285.40        290.90    435.58     455.53                                                     1181.84       1185.72       273.76    444.99                        
P2.2/wide    encode       reused-buffer/pool           1316.81   1332.81      428.85        424.13    616.28     630.36                                                     1371.38       1371.54       413.81    599.15                        
P2.2/wide    encode       transport-ready/hot          1167.44   1170.26      372.17        404.52    538.04     566.47                                                     1225.83       1214.73       375.61    550.88                        
P2.2/wide    encode       transport-ready/pool         1367.47   1384.27      515.12        540.05    729.60     729.30                                                     1444.75       1449.16       514.72    732.57                        
P2.2/wide    decode       -                            2766.18   2930.12     2414.91       2430.62   4068.92    4076.25   3964.83     3848.86                               2851.49       2898.44      2356.64   3982.54    3836.98             
P2.2/wide    decode-read  -                            2863.54   3000.53     2526.58       2558.16   4171.87    4134.97   3988.33     3973.93                               2905.92       2872.77      2409.91   4056.23    3891.16             
P2.3         encode       reused-buffer/hot             584.06    564.04      135.41        141.68    274.90     285.26                                                      588.02        629.64       136.90    286.52                        
P2.3         encode       reused-buffer/pool            712.77    714.50      235.00        220.12    358.73     351.56                                                      753.65        775.15       237.84    358.77                        
P2.3         encode       transport-ready/hot           587.40    590.08      172.12        178.29    314.37     322.36                                                      618.82        617.15       172.90    313.36                        
P2.3         encode       transport-ready/pool          729.29    771.82      273.27        266.06    394.85     412.98                                                      758.24        787.48       254.24    373.48                        
P2.3         decode       -                            1579.32   1602.01     1580.97       1614.07   1775.11    1784.49   1711.89     1688.60                               1565.75       1568.72      1505.32   1712.23    1655.30             
P2.3         decode-read  -                            1622.17   1718.76     1586.14       1616.69   1826.43    1897.60   1751.45     1793.77                               1715.14       1635.13      1662.46   1824.72    1728.15             
P2.4         encode       reused-buffer/hot             694.36    693.08      204.77        200.39    384.29     388.82                                                      706.46        734.21       198.63    392.49                        
P2.4         encode       reused-buffer/pool            859.17    849.69      330.73        301.89    485.72     516.16                                                      881.13        891.30       312.55    501.72                        
P2.4         encode       transport-ready/hot           725.78    727.09      271.62        276.78    444.19     458.41                                                      733.99        747.70       268.95    456.52                        
P2.4         encode       transport-ready/pool          857.45    878.29      397.01        355.57    568.93     571.40                                                      910.53        912.03       378.83    555.58                        
P2.4         decode       -                            2080.85   2389.58     1982.53       2002.93   2622.23    2562.20   2613.64     2611.70                               2103.26       2020.97      1891.56   2503.40    2491.55             
P2.4         decode-read  -                            2304.80   2184.64     2119.65       2070.90   2757.59    2731.24   2670.28     2678.73                               2115.63       2088.10      1973.53   2570.14    2601.55             
P2.4/latin1  encode       reused-buffer/hot             676.37    671.78      288.41        291.92    473.89     477.45                                                      738.44        734.69       285.99    483.32                        
P2.4/latin1  encode       reused-buffer/pool            909.51    974.80      450.68        434.53    626.61     655.91                                                      963.45        959.92       443.66    664.22                        
P2.4/latin1  encode       transport-ready/hot           708.73    699.69      480.27        438.15    623.65     643.42                                                      733.64        762.79       443.20    631.41                        
P2.4/latin1  encode       transport-ready/pool          951.52    935.63      595.36        577.02    782.83     780.93                                                      969.41        982.19       587.14    772.98                        
P2.4/latin1  decode       -                            3148.68   3224.55     2898.05       2920.51   4227.91    4144.09   4198.79     4200.78                               3122.71       3505.30      2773.03   4091.65    4169.90             
P2.4/latin1  decode-read  -                            3302.32   3302.98     2926.26       2976.60   4210.03    4226.92   4328.34     4318.36                               3218.53       3292.20      2863.23   4376.56    4172.43             
P2.4/wide    encode       reused-buffer/hot             683.70    687.17      366.30        383.49    522.57     551.89                                                      721.60        731.28       366.37    557.01                        
P2.4/wide    encode       reused-buffer/pool           1042.07   1089.35      577.17        555.62    790.87     808.31                                                     1131.12       1077.90       562.56    786.68                        
P2.4/wide    encode       transport-ready/hot           850.01    720.70      607.47        608.96    760.72     786.93                                                      775.64        765.30       612.94    777.39                        
P2.4/wide    encode       transport-ready/pool         1054.94   1074.16      803.01        785.06   1052.67    1034.03                                                     1095.80       1107.82       767.22   1054.94                        
P2.4/wide    decode       -                            3996.01   4005.81     3599.22       3599.84   5752.16    5768.80   5903.38     5717.38                               3996.60       4030.61      3593.28   5872.05    5694.82             
P2.4/wide    decode-read  -                            4010.36   4109.32     3747.22       3720.26   5883.75    5908.70   5802.21     5806.33                               4168.51       4159.72      3724.30   5999.68    5893.70             
P2.5         encode       reused-buffer/hot              33.51     33.51        7.04          7.56     13.60      13.75                                                       35.38         34.92         6.91     14.12                        
P2.5         encode       reused-buffer/pool             38.90     38.70        7.50          8.14     14.89      15.08                                                       39.98         40.67         7.35     15.09                        
P2.5         encode       transport-ready/hot            34.67     34.52        7.42          7.96     13.91      14.37                                                       36.17         36.19         7.58     14.51                        
P2.5         encode       transport-ready/pool           39.98     39.51        7.98          8.81     14.85      19.11                                                       42.69         41.54         7.83     15.27                        
P2.5         decode       -                              62.54     60.79       54.28         53.47     78.63      78.65     74.14       75.99                                 62.34         60.67        47.80     75.27      72.43             
P2.5         decode-read  -                              64.01     63.78       53.54         53.09     80.56      81.13     78.39       76.86                                 63.49         63.21        50.28     77.79      74.73             
P3.1         encode       reused-buffer/hot              26.42     27.50        4.75          5.55      9.41      10.38                                                       28.22         28.42         4.49      9.99                        
P3.1         encode       reused-buffer/pool             28.96     30.50        5.02          5.81     10.48      11.50                                                       30.89         31.97         4.61     10.41                        
P3.1         encode       transport-ready/hot            27.39     28.11        5.06          5.93      9.85      10.93                                                       29.13         29.42         4.58     10.34                        
P3.1         encode       transport-ready/pool           29.70     31.61        5.04          6.18     10.44      12.26                                                       32.06         32.37         4.91     10.85                        
P3.1         decode       -                              37.76     36.53       27.35         27.35     40.67      40.26     41.30       41.26                                 38.90         35.45        26.59     37.30      38.56             
P3.1         decode-read  -                              39.51     38.76       29.34         32.11     42.13      42.83     43.15       43.41                                 40.28         37.29        28.19     38.37      39.88             
P4.1         encode       reused-buffer/hot             169.81    171.38       33.83         35.36     68.61      69.85                                                      179.78        176.30        33.53     67.21                        
P4.1         encode       reused-buffer/pool            196.37    212.78       35.26         37.30     78.88      76.79                                                      214.00        211.77        35.42     72.47                        
P4.1         encode       transport-ready/hot           177.25    180.36       35.19         37.46     68.73      70.91                                                      184.93        201.10        35.09     69.18                        
P4.1         encode       transport-ready/pool          212.78    215.86       38.29         38.68     79.16      80.44                                                      218.69        222.44        37.42     75.09                        
P4.1         decode       -                             337.20    333.62      292.48        297.58    387.43     391.36    369.23      364.00                                337.40        329.57       292.00    398.32     384.05             
P4.1         decode-read  -                             348.64    365.55      325.07        319.05    390.41     401.33    377.62      447.44                                340.52        340.82       303.65    410.08     391.39             
P5.1         encode       reused-buffer/hot               0.08      0.08        0.02          0.03      0.04       0.04                                                        0.09          0.09         0.02      0.04                        
P5.1         encode       reused-buffer/pool              0.09      0.09        0.02          0.03      0.05       0.05                                                        0.09          0.09         0.02      0.05                        
P5.1         encode       transport-ready/hot             0.10      0.10        0.04          0.05      0.06       0.07                                                        0.10          0.10         0.04      0.06                        
P5.1         encode       transport-ready/pool            0.10      0.10        0.04          0.05      0.07       0.08                                                        0.10          0.10         0.04      0.08                        
P5.1         decode       -                               0.12      0.11        0.11          0.11      0.18       0.19      0.19        0.20                                  0.13          0.11         0.11      0.18       0.18             
P5.1         decode-read  -                               0.13      0.11        0.11          0.11      0.18       0.20      0.19        0.21                                  0.13          0.11         0.11      0.18       0.19             
P5.2         encode       reused-buffer/hot               1.88      1.83        1.78          1.76      1.80       1.79                                                        1.87          1.86         1.73      1.86                        
P5.2         encode       reused-buffer/pool              3.22      1.86        1.85          1.82      1.80       1.82                                                        3.32          1.86         1.75      1.89                        
P5.2         encode       transport-ready/hot             1.86      1.90        3.74          3.58      3.61       3.67                                                        1.85          1.88         3.54      3.68                        
P5.2         encode       transport-ready/pool            3.24      1.87        3.61          3.88      3.61       3.55                                                        3.29          1.88         3.54      3.68                        
P5.2         decode       -                               1.88      0.12        1.90          1.86      1.96       2.00      1.96        1.98                                  1.93          0.12         1.90      1.96       1.96             
P5.2         decode-read  -                               1.90      0.12        1.89          1.89      1.97       2.00      1.95        1.99                                  1.89          0.12         1.90      1.97       1.93             
P5.3         encode       reused-buffer/hot              39.89     42.77       41.10         39.89     39.90      40.11                                                       44.59         46.36        41.77     41.43                        
P5.3         encode       reused-buffer/pool             59.77     40.93       41.60         41.88     44.44      42.81                                                       60.47         43.16        39.64     41.66                        
P5.3         encode       transport-ready/hot            54.25     53.42      109.23        109.30    111.20     109.32                                                       55.82         54.14       112.53    111.64                        
P5.3         encode       transport-ready/pool           81.31     54.12      115.34        112.07    115.80     107.54                                                       81.65         57.83       111.51    111.40                        
P5.3         decode       -                              44.16      0.12       48.50         47.88     43.53      41.73     42.04       42.12                                 44.25          0.12        44.74     43.72      42.36             
P5.3         decode-read  -                              43.67      0.12       44.49         44.07     43.72      47.33     49.10       42.15                                 53.11          0.12        43.63     44.43      41.32             
P5.4         encode       reused-buffer/hot             316.09    329.78      326.37        324.05    319.08     319.01                                                      317.26        339.93       316.00    324.71                        
P5.4         encode       reused-buffer/pool            427.99    315.38      331.18        330.79    318.82     322.96                                                      427.66        327.44       321.02    321.04                        
P5.4         encode       transport-ready/hot           327.39    319.02      647.03        646.51    658.54     648.38                                                      323.55        323.86       656.06    653.01                        
P5.4         encode       transport-ready/pool          425.49    332.96      660.28        659.71    656.91     666.32                                                      410.36        317.24       661.70    659.01                        
P5.4         decode       -                             340.04      0.12      322.96        334.25    333.55     330.70    327.95      329.93                                329.75          0.12       325.18    326.92     336.00             
P5.4         decode-read  -                             333.46      0.12      325.72        328.64    331.51     334.63    343.70      333.06                                340.92          0.12       330.55    328.28     325.48             
P6.1         encode       reused-buffer/hot             504.53    540.15       89.82        100.78     93.88      93.78                                                      531.46        541.12        88.71     95.11                        
P6.1         encode       reused-buffer/pool            532.65    536.93       96.62         97.52     97.94     105.69                                                      545.87        560.14        95.46     98.53                        
P6.1         encode       transport-ready/hot           521.38    538.17       95.04         97.16     97.03      99.04                                                      562.86        584.78        92.59     97.65                        
P6.1         encode       transport-ready/pool          535.90    556.25       97.33        106.77    105.06     105.16                                                      572.24        579.99       101.09    102.21                        
P6.1         decode       -                             323.49    308.91      214.00        209.48    202.55     202.44    177.20      178.68                                302.31        330.04       196.15    202.31     176.15             
P6.1         decode-read  -                             348.70    339.55      229.98        240.23    248.78     240.05    216.11      206.93                                329.92        326.07       224.43    232.47     207.71             
P7.1         decode       -                               0.44      0.41        0.30          0.28      0.44       0.46      0.47        0.49                                  0.44          0.42         0.30      0.44       0.49             
P7.1         decode-read  -                               0.46      0.42        0.31          0.31      0.46       0.48      0.49        0.51                                  0.45          0.43         0.32      0.46       0.51             
